;;;;;;п;;;;;;неп;;;;;;;;;;;;
37;83;24;19;37;41;37;0;0;0;37;0;0;83;24;19;0;41;0;0;1;1;0;0;2
59;77;43;43;118;38;0;0;43;43;0;0;59;77;0;0;118;38;0;0;0;0;0;0;0
6;65;40;22;6;130;6;0;0;0;6;0;0;65;40;22;0;130;0;0;0;1;0;0;1
63;77;76;8;63;51;63;0;0;0;63;0;0;77;76;8;0;51;0;0;0;1;0;0;1
74;47;97;26;222;23;0;0;0;0;0;0;74;47;97;26;222;23;0;0;0;1;0;1;2
48;24;17;7;24;36;0;24;0;0;24;0;48;0;17;7;0;36;0;0;1;1;0;1;3
27;39;77;35;27;13;27;0;0;0;27;0;0;39;77;35;0;13;0;0;0;1;0;1;2
35;41;6;21;52;41;0;41;0;0;0;41;35;0;6;21;52;0;1;0;1;1;0;0;3
46;32;95;3;23;32;0;32;0;0;0;32;46;0;95;3;23;0;0;0;0;1;1;0;2
34;43;72;42;17;43;0;43;0;0;0;43;34;0;72;42;17;0;1;0;0;0;1;0;2
2;57;76;39;4;57;0;57;0;0;0;57;2;0;76;39;4;0;1;0;0;0;1;0;2
61;90;53;26;61;135;61;0;0;0;61;0;0;90;53;26;0;135;0;0;0;1;0;0;1
89;95;54;7;89;95;89;95;0;0;89;95;0;0;54;7;0;0;0;0;0;1;0;0;1
9;64;76;12;9;21;9;0;0;0;9;0;0;64;76;12;0;21;0;0;0;1;0;1;2
38;60;40;25;12;180;0;0;0;0;0;0;38;60;40;25;12;180;0;0;0;1;1;0;2
89;49;74;2;44;49;0;49;0;0;0;49;89;0;74;2;44;0;0;0;0;1;0;0;1
7;87;92;45;4;261;0;0;0;0;0;0;7;87;92;45;4;261;1;0;0;0;1;0;2
15;34;76;21;10;51;0;0;0;0;0;0;15;34;76;21;10;51;1;1;0;1;1;0;4
3;54;48;25;3;27;3;0;0;0;3;0;0;54;48;25;0;27;0;0;0;1;0;1;2
55;87;22;23;55;261;55;0;0;0;55;0;0;87;22;23;0;261;0;0;1;1;0;0;2
10;72;80;47;6;108;0;0;0;0;0;0;10;72;80;47;6;108;1;0;0;0;1;0;2
59;24;45;50;59;24;59;24;0;0;59;24;0;0;45;50;0;0;0;0;0;0;0;0;0
1;12;39;14;3;12;0;12;0;0;0;12;1;0;39;14;3;0;1;0;0;1;1;0;3
37;8;44;4;37;8;37;8;0;0;37;8;0;0;44;4;0;0;0;0;0;1;0;0;1
14;7;80;25;14;10;14;0;0;0;14;0;0;7;80;25;0;10;0;1;0;1;0;1;3
33;7;47;41;22;21;0;0;0;0;0;0;33;7;47;41;22;21;1;1;0;0;1;1;4
32;67;83;33;16;134;0;0;0;0;0;0;32;67;83;33;16;134;1;0;0;1;1;0;3
7;42;92;2;10;28;0;0;0;0;0;0;7;42;92;2;10;28;1;0;0;1;1;1;4
41;31;35;50;41;31;41;31;0;0;41;31;0;0;35;50;0;0;0;0;1;0;0;0;1
77;43;41;38;77;86;77;0;0;0;77;0;0;43;41;38;0;86;0;0;0;0;0;0;0
20;16;63;40;13;48;0;0;0;0;0;0;20;16;63;40;13;48;1;1;0;0;1;0;3
61;57;19;31;30;85;0;0;0;0;0;0;61;57;19;31;30;85;0;0;1;1;1;0;3
84;79;94;25;252;158;0;0;0;0;0;0;84;79;94;25;252;158;0;0;0;1;0;0;1
83;56;41;26;41;28;0;0;41;0;41;0;83;56;0;26;0;28;0;0;0;1;0;1;2
96;85;46;7;64;85;0;85;0;0;0;85;96;0;46;7;64;0;0;0;0;1;0;0;1
30;14;35;15;20;21;0;0;0;0;0;0;30;14;35;15;20;21;1;1;1;1;1;1;6
29;21;74;35;29;14;29;0;0;0;29;0;0;21;74;35;0;14;0;1;0;1;0;1;3
50;54;55;42;50;54;50;54;0;0;50;54;0;0;55;42;0;0;0;0;0;0;0;0;0
74;80;21;27;24;53;0;0;0;0;0;0;74;80;21;27;24;53;0;0;1;1;1;0;3
13;98;40;37;8;294;0;0;0;0;0;0;13;98;40;37;8;294;1;0;0;0;1;0;2
38;30;50;42;57;30;0;30;0;0;0;30;38;0;50;42;57;0;0;0;0;0;0;0;0
87;84;31;12;43;84;0;84;0;0;0;84;87;0;31;12;43;0;0;0;1;1;0;0;2
71;76;73;29;35;228;0;0;0;0;0;0;71;76;73;29;35;228;0;0;0;1;1;0;2
9;12;17;44;4;24;0;0;0;0;0;0;9;12;17;44;4;24;1;1;1;0;1;1;5
77;81;73;47;77;27;77;0;0;0;77;0;0;81;73;47;0;27;0;0;0;0;0;1;1
48;33;39;27;144;16;0;0;0;0;0;0;48;33;39;27;144;16;0;1;0;1;0;1;3
41;79;45;50;41;52;41;0;0;0;41;0;0;79;45;50;0;52;0;0;0;0;0;0;0
18;89;93;5;18;59;18;0;0;0;18;0;0;89;93;5;0;59;0;0;0;1;0;0;1
75;37;21;49;112;37;0;37;0;0;0;37;75;0;21;49;112;0;0;0;1;0;0;0;1
98;81;51;21;98;81;98;81;0;0;98;81;0;0;51;21;0;0;0;0;0;1;0;0;1
51;22;57;6;51;66;51;0;0;0;51;0;0;22;57;6;0;66;0;1;0;1;0;0;2
93;9;20;40;93;6;93;0;0;0;93;0;0;9;20;40;0;6;0;1;1;0;0;1;3
98;41;83;19;98;41;98;41;0;0;98;41;0;0;83;19;0;0;0;0;0;1;0;0;1
34;1;72;32;102;1;0;1;0;0;0;1;34;0;72;32;102;0;1;0;0;1;0;0;2
9;58;43;49;3;58;0;58;0;0;0;58;9;0;43;49;3;0;1;0;0;0;1;0;2
23;36;58;21;34;108;0;0;0;0;0;0;23;36;58;21;34;108;1;1;0;1;1;0;4
53;5;40;30;53;2;53;0;0;0;53;0;0;5;40;30;0;2;0;1;0;1;0;1;3
95;62;66;49;285;62;0;62;0;0;0;62;95;0;66;49;285;0;0;0;0;0;0;0;0
23;91;62;14;11;91;0;91;0;0;0;91;23;0;62;14;11;0;1;0;0;1;1;0;3
37;27;38;8;37;13;37;0;0;0;37;0;0;27;38;8;0;13;0;1;0;1;0;1;3
75;39;51;13;50;19;0;0;0;0;0;0;75;39;51;13;50;19;0;0;0;1;0;1;2
23;69;80;17;7;69;0;69;0;0;0;69;23;0;80;17;7;0;1;0;0;1;1;0;3
21;92;59;38;21;276;21;0;0;0;21;0;0;92;59;38;0;276;0;0;0;0;0;0;0
37;45;93;18;55;90;0;0;0;0;0;0;37;45;93;18;55;90;0;0;0;1;0;0;1
96;82;11;9;32;82;0;82;0;0;0;82;96;0;11;9;32;0;0;0;1;1;1;0;3
61;29;49;19;183;29;0;29;0;0;0;29;61;0;49;19;183;0;0;0;0;1;0;0;1
9;6;3;42;9;9;9;0;0;0;9;9;0;6;3;42;0;0;0;1;1;0;0;0;2
65;60;45;50;32;60;0;60;0;0;0;60;65;0;45;50;32;0;0;0;0;0;1;0;1
94;82;93;48;62;123;0;0;0;0;0;0;94;82;93;48;62;123;0;0;0;0;0;0;0
85;72;38;43;56;144;0;0;0;0;0;0;85;72;38;43;56;144;0;0;0;0;0;0;0
12;18;89;10;36;18;0;18;0;0;0;18;12;0;89;10;36;0;1;0;0;1;1;0;3
41;2;42;6;123;1;0;0;0;0;0;0;41;2;42;6;123;1;0;1;0;1;0;1;3
75;48;21;16;37;16;0;0;0;16;0;16;75;48;21;0;37;0;0;0;1;0;0;0;1
35;98;71;49;35;196;35;0;0;0;35;0;0;98;71;49;0;196;0;0;0;0;0;0;0
60;73;98;25;60;146;60;0;0;0;60;0;0;73;98;25;0;146;0;0;0;1;0;0;1
19;58;98;27;9;58;0;58;0;0;0;58;19;0;98;27;9;0;1;0;0;1;1;0;3
38;43;92;32;38;21;38;0;0;0;38;0;0;43;92;32;0;21;0;0;0;1;0;1;2
92;42;100;16;30;14;0;0;0;0;0;0;92;42;100;16;30;14;0;0;0;1;1;1;3
31;58;34;10;10;116;0;0;0;10;10;0;31;58;34;0;0;116;1;0;1;0;0;0;2
9;64;7;2;6;64;0;64;0;0;0;64;9;0;7;2;6;0;1;0;1;1;1;0;4
36;3;93;30;54;3;0;3;0;0;0;3;36;0;93;30;54;0;1;0;0;1;0;0;2
49;74;77;37;73;49;49;0;0;0;0;49;0;74;77;37;73;0;0;0;0;0;0;0;0
46;29;39;35;23;14;0;0;0;0;0;0;46;29;39;35;23;14;0;1;0;1;1;1;4
5;1;51;34;1;1;0;1;0;0;1;1;5;0;51;34;0;0;1;0;0;1;0;0;2
41;9;53;21;41;6;41;0;0;0;41;0;0;9;53;21;0;6;0;1;0;1;0;1;3
11;69;60;19;5;34;0;0;0;0;0;0;11;69;60;19;5;34;1;0;0;1;1;1;4
84;17;1;24;28;11;0;0;0;0;0;0;84;17;1;24;28;11;0;1;1;1;1;1;5
40;8;88;5;120;2;0;0;0;0;0;0;40;8;88;5;120;2;0;1;0;1;0;1;3
85;76;65;19;85;25;85;0;0;0;85;0;0;76;65;19;0;25;0;0;0;1;0;1;2
92;73;91;9;92;219;92;0;0;0;92;0;0;73;91;9;0;219;0;0;0;1;0;0;1
29;94;68;12;29;94;29;94;0;0;29;94;0;0;68;12;0;0;0;0;0;1;0;0;1
59;97;89;19;19;48;0;0;0;19;19;0;59;97;89;0;0;48;0;0;0;0;0;0;0
61;21;72;32;61;14;61;0;0;0;61;0;0;21;72;32;0;14;0;1;0;1;0;1;3
97;55;69;9;64;82;0;0;0;0;0;0;97;55;69;9;64;82;0;0;0;1;0;0;1
54;4;54;1;18;4;54;4;54;0;0;4;0;0;0;1;18;0;0;0;0;1;1;0;2
39;30;17;18;39;90;39;0;0;0;39;0;0;30;17;18;0;90;0;1;1;1;0;0;3
95;39;13;46;95;39;95;39;0;0;95;39;0;0;13;46;0;0;0;0;1;0;0;0;1
49;98;22;24;49;49;49;0;0;0;49;49;0;98;22;24;0;0;0;0;1;1;0;0;2
80;64;9;4;160;32;0;0;0;0;0;0;80;64;9;4;160;32;0;0;1;1;0;1;3
95;85;62;40;190;170;0;0;0;0;0;0;95;85;62;40;190;170;0;0;0;0;0;0;0
73;64;12;27;48;21;0;0;0;0;0;0;73;64;12;27;48;21;0;0;1;1;0;1;3
75;97;38;11;75;48;75;0;0;0;75;0;0;97;38;11;0;48;0;0;0;1;0;0;1
42;8;92;3;42;2;42;0;0;0;42;0;0;8;92;3;0;2;0;1;0;1;0;1;3
95;79;48;15;95;79;95;79;0;0;95;79;0;0;48;15;0;0;0;0;0;1;0;0;1
98;19;59;11;65;19;0;19;0;0;0;19;98;0;59;11;65;0;0;0;0;1;0;0;1
92;22;100;26;184;22;0;22;0;0;0;22;92;0;100;26;184;0;0;0;0;1;0;0;1
16;88;23;11;10;29;0;0;0;0;0;0;16;88;23;11;10;29;1;0;1;1;1;1;5
78;72;76;50;26;48;0;0;0;0;0;0;78;72;76;50;26;48;0;0;0;0;1;0;1
87;30;14;21;58;30;0;30;0;0;0;30;87;0;14;21;58;0;0;0;1;1;0;0;2
70;15;46;22;70;30;70;0;0;0;70;0;0;15;46;22;0;30;0;1;0;1;0;1;3
25;12;19;31;25;8;25;0;0;0;25;0;0;12;19;31;0;8;0;1;1;1;0;1;4
89;24;51;33;267;12;0;0;0;0;0;0;89;24;51;33;267;12;0;1;0;1;0;1;3
1;14;77;38;2;14;0;14;0;0;0;14;1;0;77;38;2;0;1;0;0;0;1;0;2
69;40;46;41;23;40;0;40;0;0;0;40;69;0;46;41;23;0;0;0;0;0;1;0;1
40;60;79;40;120;180;40;0;0;40;0;0;0;60;79;0;120;180;0;0;0;0;0;0;0
15;1;81;3;22;1;0;1;0;0;0;1;15;0;81;3;22;0;1;0;0;1;1;0;3
56;32;64;37;37;48;0;0;0;37;37;0;56;32;64;0;0;48;0;1;0;0;0;0;1
3;36;23;8;6;54;0;0;0;0;0;0;3;36;23;8;6;54;1;1;1;1;1;0;5
21;56;38;6;31;37;0;0;0;0;0;0;21;56;38;6;31;37;1;0;0;1;1;0;3
23;98;46;42;34;196;0;0;0;0;0;0;23;98;46;42;34;196;1;0;0;0;1;0;2
26;54;18;30;13;81;0;0;0;0;0;0;26;54;18;30;13;81;1;0;1;1;1;0;4
77;41;25;36;38;13;0;0;0;0;0;0;77;41;25;36;38;13;0;0;1;1;0;1;3
50;81;40;18;150;54;0;0;0;0;0;0;50;81;40;18;150;54;0;0;0;1;0;0;1
53;87;63;8;53;130;53;0;0;0;53;0;0;87;63;8;0;130;0;0;0;1;0;0;1
54;59;95;34;162;88;0;0;0;0;0;0;54;59;95;34;162;88;0;0;0;1;0;0;1
39;98;76;20;117;98;0;98;0;0;0;98;39;0;76;20;117;0;0;0;0;1;0;0;1
40;31;97;16;40;31;40;31;0;0;40;31;0;0;97;16;0;0;0;0;0;1;0;0;1
100;33;56;32;100;33;100;33;0;0;100;33;0;0;56;32;0;0;0;0;0;1;0;0;1
42;30;13;18;63;10;0;0;0;0;0;0;42;30;13;18;63;10;0;1;1;1;0;1;4
17;46;49;6;34;30;0;0;0;0;0;0;17;46;49;6;34;30;1;0;0;1;1;1;4
3;14;56;22;2;14;0;14;0;0;0;14;3;0;56;22;2;0;1;0;0;1;1;0;3
41;80;65;10;41;80;41;80;0;0;41;80;0;0;65;10;0;0;0;0;0;1;0;0;1
20;89;78;31;10;267;0;0;0;0;0;0;20;89;78;31;10;267;1;0;0;1;1;0;3
7;79;62;8;14;158;0;0;0;0;0;0;7;79;62;8;14;158;1;0;0;1;1;0;3
52;78;83;15;52;78;52;78;0;0;52;78;0;0;83;15;0;0;0;0;0;1;0;0;1
27;46;30;4;81;138;0;0;0;0;0;0;27;46;30;4;81;138;1;0;1;1;0;0;3
76;10;75;31;114;15;0;0;0;0;0;0;76;10;75;31;114;15;0;1;0;1;0;1;3
15;71;57;14;15;35;15;0;0;0;15;0;0;71;57;14;0;35;0;0;0;1;0;1;2
46;48;52;6;46;48;46;48;0;0;46;48;0;0;52;6;0;0;0;0;0;1;0;0;1
79;98;97;11;26;65;0;0;0;0;0;0;79;98;97;11;26;65;0;0;0;1;1;0;2
55;2;6;20;82;1;0;0;0;0;0;0;55;2;6;20;82;1;0;1;1;1;0;1;4
54;21;10;47;18;7;0;0;0;0;0;0;54;21;10;47;18;7;0;1;1;0;1;1;4
94;44;7;49;31;22;0;0;0;0;0;0;94;44;7;49;31;22;0;0;1;0;1;1;3
90;1;35;13;180;0;0;0;0;0;0;0;90;1;35;13;180;0;0;1;1;1;0;1;4
28;1;98;40;9;1;0;1;0;0;0;1;28;0;98;40;9;0;1;0;0;0;1;0;2
72;21;55;50;72;63;72;0;0;0;72;0;0;21;55;50;0;63;0;1;0;0;0;0;1
90;34;81;8;30;11;0;0;0;0;0;0;90;34;81;8;30;11;0;1;0;1;1;1;4
13;98;31;40;26;32;0;0;0;0;0;0;13;98;31;40;26;32;1;0;1;0;1;1;4
13;38;68;41;4;76;0;0;0;0;0;0;13;38;68;41;4;76;1;0;0;0;1;0;2
36;68;39;28;18;136;0;0;0;0;0;0;36;68;39;28;18;136;1;0;0;1;1;0;3
34;69;84;28;34;138;34;0;0;0;34;0;0;69;84;28;0;138;0;0;0;1;0;0;1
4;65;33;36;12;65;0;65;0;0;0;65;4;0;33;36;12;0;1;0;1;1;1;0;4
83;100;87;17;55;66;0;0;0;0;0;0;83;100;87;17;55;66;0;0;0;1;0;0;1
63;90;71;49;21;90;0;90;0;0;0;90;63;0;71;49;21;0;0;0;0;0;1;0;1
12;96;89;31;24;48;0;0;0;0;0;0;12;96;89;31;24;48;1;0;0;1;1;0;3
52;18;44;8;34;9;0;0;0;0;0;0;52;18;44;8;34;9;0;1;0;1;1;1;4
45;93;16;1;135;46;0;0;0;0;0;0;45;93;16;1;135;46;0;0;1;1;0;0;2
69;78;90;4;69;52;69;0;0;0;69;0;0;78;90;4;0;52;0;0;0;1;0;0;1
3;77;61;46;9;51;0;0;0;0;0;0;3;77;61;46;9;51;1;0;0;0;1;0;2
66;51;45;11;33;17;0;0;0;0;0;0;66;51;45;11;33;17;0;0;0;1;1;1;3
66;65;58;28;99;97;0;0;0;0;0;0;66;65;58;28;99;97;0;0;0;1;0;0;1
93;17;41;6;62;51;0;0;0;0;0;0;93;17;41;6;62;51;0;1;0;1;0;0;2
11;98;18;45;3;49;0;0;0;0;0;0;11;98;18;45;3;49;1;0;1;0;1;0;3
74;97;74;21;74;32;74;0;74;0;74;0;0;97;0;21;0;32;0;0;0;1;0;1;2
94;6;19;24;282;3;0;0;0;0;0;0;94;6;19;24;282;3;0;1;1;1;0;1;4
82;52;17;39;82;78;82;0;0;0;82;0;0;52;17;39;0;78;0;0;1;0;0;0;1
48;80;24;19;24;80;0;80;24;0;24;80;48;0;0;19;0;0;0;0;0;1;0;0;1
85;68;61;35;85;22;85;0;0;0;85;0;0;68;61;35;0;22;0;0;0;1;0;1;2
19;70;53;46;9;46;0;0;0;46;0;46;19;70;53;0;9;0;1;0;0;0;1;0;2
40;45;2;7;40;135;40;0;0;0;40;0;0;45;2;7;0;135;0;0;1;1;0;0;2
7;75;9;31;7;225;7;0;0;0;7;0;0;75;9;31;0;225;0;0;1;1;0;0;2
8;17;9;1;5;17;0;17;0;0;0;17;8;0;9;1;5;0;1;0;1;1;1;0;4
85;54;99;19;170;54;0;54;0;0;0;54;85;0;99;19;170;0;0;0;0;1;0;0;1
83;47;24;23;83;47;83;47;0;0;83;47;0;0;24;23;0;0;0;0;1;1;0;0;2
66;7;69;35;22;7;0;7;0;0;0;7;66;0;69;35;22;0;0;0;0;1;1;0;2
44;68;99;37;29;34;0;0;0;0;0;0;44;68;99;37;29;34;0;0;0;0;1;1;2
79;67;22;47;79;201;79;0;0;0;79;0;0;67;22;47;0;201;0;0;1;0;0;0;1
42;93;11;48;21;31;0;0;0;0;0;0;42;93;11;48;21;31;0;0;1;0;1;1;3
11;37;62;21;11;37;11;37;0;0;11;37;0;0;62;21;0;0;0;0;0;1;0;0;1
15;45;27;18;30;90;0;0;0;0;0;0;15;45;27;18;30;90;1;0;1;1;1;0;4
47;89;67;45;47;89;47;89;0;0;47;89;0;0;67;45;0;0;0;0;0;0;0;0;0
64;35;45;18;192;105;0;0;0;0;0;0;64;35;45;18;192;105;0;1;0;1;0;0;2
46;59;93;44;46;177;46;0;0;0;46;0;0;59;93;44;0;177;0;0;0;0;0;0;0
15;80;35;34;15;240;15;0;0;0;15;0;0;80;35;34;0;240;0;0;1;1;0;0;2
70;44;73;28;210;44;0;44;0;0;0;44;70;0;73;28;210;0;0;0;0;1;0;0;1
34;86;8;18;22;86;0;86;0;0;0;86;34;0;8;18;22;0;1;0;1;1;1;0;4
10;31;10;23;10;62;10;0;10;0;10;0;0;31;0;23;0;62;0;1;0;1;0;0;2
23;42;11;7;69;42;0;42;0;0;0;42;23;0;11;7;69;0;1;0;1;1;0;0;3
91;16;18;40;91;8;91;0;0;0;91;0;0;16;18;40;0;8;0;1;1;0;0;1;3
37;48;59;4;18;32;0;0;0;0;0;0;37;48;59;4;18;32;0;0;0;1;1;1;3
83;36;36;14;249;24;0;36;36;0;0;0;83;0;0;14;249;24;0;0;0;1;0;1;2
47;44;26;46;31;44;0;44;0;0;0;44;47;0;26;46;31;0;0;0;1;0;1;0;2
85;14;51;9;255;28;0;0;0;0;0;0;85;14;51;9;255;28;0;1;0;1;0;1;3
92;49;97;14;92;16;92;0;0;0;92;0;0;49;97;14;0;16;0;0;0;1;0;1;2
37;96;20;19;74;144;0;0;0;0;0;0;37;96;20;19;74;144;0;0;1;1;0;0;2
46;69;15;21;46;46;46;0;0;0;46;46;0;69;15;21;0;0;0;0;1;1;0;0;2
22;25;22;21;22;12;22;0;22;0;22;0;0;25;0;21;0;12;0;1;0;1;0;1;3
74;87;7;6;24;87;0;87;0;0;0;87;74;0;7;6;24;0;0;0;1;1;1;0;3
98;40;62;34;98;40;98;40;0;0;98;40;0;0;62;34;0;0;0;0;0;1;0;0;1
94;1;29;46;141;1;0;1;0;0;0;1;94;0;29;46;141;0;0;0;1;0;0;0;1
85;44;90;32;85;22;85;0;0;0;85;0;0;44;90;32;0;22;0;0;0;1;0;1;2
90;73;60;15;90;219;90;0;0;0;90;0;0;73;60;15;0;219;0;0;0;1;0;0;1
33;4;69;47;33;2;33;0;0;0;33;0;0;4;69;47;0;2;0;1;0;0;0;1;2
55;63;25;9;110;126;0;0;0;0;0;0;55;63;25;9;110;126;0;0;1;1;0;0;2
90;17;11;48;45;25;0;0;0;0;0;0;90;17;11;48;45;25;0;1;1;0;0;1;3
44;52;16;26;44;26;44;0;0;26;44;26;0;52;16;0;0;0;0;0;1;0;0;0;1
88;23;26;4;264;23;0;23;0;0;0;23;88;0;26;4;264;0;0;0;1;1;0;0;2
32;71;81;1;64;47;0;0;0;0;0;0;32;71;81;1;64;47;1;0;0;1;0;0;2
34;95;27;43;51;95;0;95;0;0;0;95;34;0;27;43;51;0;1;0;1;0;0;0;2
15;37;29;36;15;111;15;0;0;0;15;0;0;37;29;36;0;111;0;0;1;1;0;0;2
88;25;23;47;58;16;0;0;0;0;0;0;88;25;23;47;58;16;0;1;1;0;0;1;3
63;20;25;24;63;10;63;0;0;0;63;0;0;20;25;24;0;10;0;1;1;1;0;1;4
66;42;67;47;66;14;66;0;0;0;66;0;0;42;67;47;0;14;0;0;0;0;0;1;1
68;96;8;42;22;288;0;0;0;0;0;0;68;96;8;42;22;288;0;0;1;0;1;0;2
67;17;33;26;33;17;0;17;33;0;33;17;67;0;0;26;0;0;0;0;0;1;0;0;1
7;92;20;47;7;92;7;92;0;0;7;92;0;0;20;47;0;0;0;0;1;0;0;0;1
16;2;10;24;48;1;0;0;0;0;0;0;16;2;10;24;48;1;1;1;1;1;0;1;5
53;1;8;4;79;1;0;1;0;0;0;1;53;0;8;4;79;0;0;0;1;1;0;0;2
68;36;26;38;102;24;0;0;0;0;0;0;68;36;26;38;102;24;0;1;1;0;0;1;3
36;60;29;3;36;60;36;60;0;0;36;60;0;0;29;3;0;0;0;0;1;1;0;0;2
72;1;37;35;108;0;0;0;0;0;0;0;72;1;37;35;108;0;0;1;0;1;0;1;3
66;58;59;28;33;38;0;0;0;0;0;0;66;58;59;28;33;38;0;0;0;1;1;0;2
56;44;91;11;28;44;0;44;0;0;0;44;56;0;91;11;28;0;0;0;0;1;1;0;2
86;68;29;4;172;68;0;68;0;0;0;68;86;0;29;4;172;0;0;0;1;1;0;0;2
54;99;74;49;18;99;0;99;0;0;0;99;54;0;74;49;18;0;0;0;0;0;1;0;1
38;60;34;45;38;40;38;0;0;0;38;0;0;60;34;45;0;40;0;0;1;0;0;0;1
38;45;12;41;114;67;0;0;0;0;0;0;38;45;12;41;114;67;0;0;1;0;0;0;1
26;35;1;5;26;52;26;0;0;0;26;0;0;35;1;5;0;52;0;1;1;1;0;0;3
65;99;26;21;32;99;0;99;0;0;0;99;65;0;26;21;32;0;0;0;1;1;1;0;3
70;18;64;23;35;9;0;0;0;0;0;0;70;18;64;23;35;9;0;1;0;1;1;1;4
98;4;70;4;65;2;0;4;0;4;0;0;98;0;70;0;65;2;0;0;0;0;0;1;1
54;79;28;31;36;118;0;0;0;0;0;0;54;79;28;31;36;118;0;0;1;1;1;0;3
23;3;98;18;11;1;0;0;0;0;0;0;23;3;98;18;11;1;1;1;0;1;1;1;5
69;46;27;19;69;15;69;0;0;0;69;0;0;46;27;19;0;15;0;0;1;1;0;1;3
71;53;22;49;35;35;0;0;0;0;35;35;71;53;22;49;0;0;0;0;1;0;0;0;1
63;84;88;7;189;126;0;0;0;0;0;0;63;84;88;7;189;126;0;0;0;1;0;0;1
4;15;84;30;1;15;0;15;0;0;0;15;4;0;84;30;1;0;1;0;0;1;1;0;3
46;53;15;10;23;106;0;0;0;0;0;0;46;53;15;10;23;106;0;0;1;1;1;0;3
35;89;83;18;35;89;35;89;0;0;35;89;0;0;83;18;0;0;0;0;0;1;0;0;1
28;6;42;8;18;4;0;0;0;0;0;0;28;6;42;8;18;4;1;1;0;1;1;1;5
97;70;68;5;32;140;0;0;0;0;0;0;97;70;68;5;32;140;0;0;0;1;1;0;2
81;75;19;10;81;75;81;75;0;0;81;75;0;0;19;10;0;0;0;0;1;1;0;0;2
73;99;86;41;36;148;0;0;0;0;0;0;73;99;86;41;36;148;0;0;0;0;1;0;1
14;63;17;23;28;31;0;0;0;0;0;0;14;63;17;23;28;31;1;0;1;1;1;1;5
83;29;65;15;55;9;0;0;0;0;0;0;83;29;65;15;55;9;0;1;0;1;0;1;3
66;76;96;24;66;25;66;0;0;0;66;0;0;76;96;24;0;25;0;0;0;1;0;1;2
92;5;92;31;138;5;92;5;92;0;0;5;0;0;0;31;138;0;0;0;0;1;0;0;1
42;93;56;41;42;93;42;93;0;0;42;93;0;0;56;41;0;0;0;0;0;0;0;0;0
48;13;71;1;48;6;48;0;0;0;48;0;0;13;71;1;0;6;0;1;0;1;0;1;3
9;82;5;31;6;27;0;0;0;0;0;0;9;82;5;31;6;27;1;0;1;1;1;1;5
66;39;59;1;66;39;66;39;0;0;66;39;0;0;59;1;0;0;0;0;0;1;0;0;1
4;99;56;37;12;33;0;0;0;0;0;0;4;99;56;37;12;33;1;0;0;0;1;1;3
96;75;19;36;288;75;0;75;0;0;0;75;96;0;19;36;288;0;0;0;1;1;0;0;2
98;27;5;23;147;9;0;0;0;0;0;0;98;27;5;23;147;9;0;1;1;1;0;1;4
68;39;43;1;68;26;68;0;0;0;68;0;0;39;43;1;0;26;0;0;0;1;0;1;2
80;84;12;9;53;56;0;0;0;0;0;0;80;84;12;9;53;56;0;0;1;1;0;0;2
47;33;36;7;94;49;0;0;0;0;0;0;47;33;36;7;94;49;0;1;1;1;0;0;3
46;74;21;14;46;74;46;74;0;0;46;74;0;0;21;14;0;0;0;0;1;1;0;0;2
34;36;71;33;11;108;0;0;0;0;0;0;34;36;71;33;11;108;1;1;0;1;1;0;4
7;30;22;29;10;60;0;0;0;0;0;0;7;30;22;29;10;60;1;1;1;1;1;0;5
27;15;18;16;27;5;27;0;0;0;27;0;0;15;18;16;0;5;0;1;1;1;0;1;4
13;78;18;13;13;39;13;0;0;13;13;0;0;78;18;0;0;39;0;0;1;0;0;0;1
78;8;76;37;26;5;0;0;0;0;0;0;78;8;76;37;26;5;0;1;0;0;1;1;3
47;3;69;20;94;9;0;0;0;0;0;0;47;3;69;20;94;9;0;1;0;1;0;1;3
39;91;86;17;13;91;0;91;0;0;0;91;39;0;86;17;13;0;0;0;0;1;1;0;2
24;22;23;24;8;14;24;0;0;24;0;0;0;22;23;0;8;14;0;1;1;0;1;1;4
86;78;79;41;86;234;86;0;0;0;86;0;0;78;79;41;0;234;0;0;0;0;0;0;0
81;60;32;3;81;30;81;0;0;0;81;0;0;60;32;3;0;30;0;0;1;1;0;1;3
56;48;10;12;56;48;56;48;0;0;56;48;0;0;10;12;0;0;0;0;1;1;0;0;2
15;68;88;48;7;45;0;0;0;0;0;0;15;68;88;48;7;45;1;0;0;0;1;0;2
29;52;51;2;9;104;0;0;0;0;0;0;29;52;51;2;9;104;1;0;0;1;1;0;3
99;60;20;18;148;60;0;60;0;0;0;60;99;0;20;18;148;0;0;0;1;1;0;0;2
72;64;76;41;48;32;0;0;0;0;0;0;72;64;76;41;48;32;0;0;0;0;0;1;1
1;89;46;11;1;59;1;0;0;0;1;0;0;89;46;11;0;59;0;0;0;1;0;0;1
36;2;12;16;108;4;0;0;0;0;0;0;36;2;12;16;108;4;1;1;1;1;0;1;5
13;44;14;15;13;44;13;44;0;0;13;44;0;0;14;15;0;0;0;0;1;1;0;0;2
80;15;62;23;80;22;80;0;0;0;80;0;0;15;62;23;0;22;0;1;0;1;0;1;3
83;34;97;15;83;34;83;34;0;0;83;34;0;0;97;15;0;0;0;0;0;1;0;0;1
16;81;61;8;16;121;16;0;0;0;16;0;0;81;61;8;0;121;0;0;0;1;0;0;1
82;44;30;44;27;44;0;44;0;44;0;44;82;0;30;0;27;0;0;0;1;0;1;0;2
22;50;67;7;44;33;0;0;0;0;0;0;22;50;67;7;44;33;1;0;0;1;0;1;3
10;5;72;24;20;5;0;5;0;0;0;5;10;0;72;24;20;0;1;0;0;1;1;0;3
3;8;42;36;9;8;0;8;0;0;0;8;3;0;42;36;9;0;1;0;0;1;1;0;3
76;65;55;41;76;97;76;0;0;0;76;0;0;65;55;41;0;97;0;0;0;0;0;0;0
43;65;83;7;43;65;43;65;0;0;43;65;0;0;83;7;0;0;0;0;0;1;0;0;1
62;43;52;2;186;86;0;0;0;0;0;0;62;43;52;2;186;86;0;0;0;1;0;0;1
81;46;22;24;81;30;81;0;0;0;81;0;0;46;22;24;0;30;0;0;1;1;0;1;3
85;76;62;39;85;76;85;76;0;0;85;76;0;0;62;39;0;0;0;0;0;0;0;0;0
71;62;7;38;23;62;0;62;0;0;0;62;71;0;7;38;23;0;0;0;1;0;1;0;2
90;47;51;40;90;23;90;0;0;0;90;0;0;47;51;40;0;23;0;0;0;0;0;1;1
13;53;63;49;13;79;13;0;0;0;13;0;0;53;63;49;0;79;0;0;0;0;0;0;0
93;56;96;5;279;112;0;0;0;0;0;0;93;56;96;5;279;112;0;0;0;1;0;0;1
53;55;42;31;53;55;53;55;0;0;53;55;0;0;42;31;0;0;0;0;0;1;0;0;1
62;11;55;33;41;33;0;0;0;33;0;33;62;11;55;0;41;0;0;1;0;0;0;0;1
40;39;31;3;120;39;0;39;0;0;0;39;40;0;31;3;120;0;0;0;1;1;0;0;2
14;61;62;2;42;40;0;0;0;0;0;0;14;61;62;2;42;40;1;0;0;1;0;0;2
96;41;40;39;96;41;96;41;0;0;96;41;0;0;40;39;0;0;0;0;0;0;0;0;0
93;86;93;43;31;28;93;0;93;0;0;0;0;86;0;43;31;28;0;0;0;0;1;1;2
98;26;8;11;196;13;0;0;0;0;0;0;98;26;8;11;196;13;0;1;1;1;0;1;4
9;47;22;46;6;23;0;0;0;0;0;0;9;47;22;46;6;23;1;0;1;0;1;1;4
98;42;7;28;65;126;0;0;0;0;0;0;98;42;7;28;65;126;0;0;1;1;0;0;2
47;85;76;1;70;255;0;0;0;0;0;0;47;85;76;1;70;255;0;0;0;1;0;0;1
10;9;48;45;10;6;10;0;0;0;10;0;0;9;48;45;0;6;0;1;0;0;0;1;2
41;92;5;34;20;46;0;0;0;0;0;0;41;92;5;34;20;46;0;0;1;1;1;0;3
77;67;74;3;115;134;0;0;0;0;0;0;77;67;74;3;115;134;0;0;0;1;0;0;1
19;41;45;45;19;41;19;41;45;45;19;41;0;0;0;0;0;0;0;0;0;0;0;0;0
74;66;64;33;74;33;74;0;0;33;74;33;0;66;64;0;0;0;0;0;0;0;0;0;0
20;48;89;39;6;32;0;0;0;0;0;0;20;48;89;39;6;32;1;0;0;0;1;1;3
22;76;89;36;7;25;0;0;0;0;0;0;22;76;89;36;7;25;1;0;0;1;1;1;4
58;79;72;5;174;79;0;79;0;0;0;79;58;0;72;5;174;0;0;0;0;1;0;0;1
5;48;66;35;2;48;0;48;0;0;0;48;5;0;66;35;2;0;1;0;0;1;1;0;3
72;30;26;40;24;30;0;30;0;0;0;30;72;0;26;40;24;0;0;0;1;0;1;0;2
73;31;89;3;36;10;0;0;0;0;0;0;73;31;89;3;36;10;0;1;0;1;1;1;4
92;64;67;38;276;64;0;64;0;0;0;64;92;0;67;38;276;0;0;0;0;0;0;0;0
61;36;85;31;183;36;0;36;0;0;0;36;61;0;85;31;183;0;0;0;0;1;0;0;1
100;28;40;41;200;42;0;0;0;0;0;0;100;28;40;41;200;42;0;1;0;0;0;0;1
41;25;62;49;27;75;0;0;0;0;0;0;41;25;62;49;27;75;0;1;0;0;1;0;2
54;87;18;18;54;29;54;0;18;18;54;0;0;87;0;0;0;29;0;0;0;0;0;1;1
50;24;83;33;50;72;50;0;0;0;50;0;0;24;83;33;0;72;0;1;0;1;0;0;2
78;20;54;27;39;13;0;0;0;0;0;0;78;20;54;27;39;13;0;1;0;1;0;1;3
64;52;32;10;192;52;0;52;0;0;0;52;64;0;32;10;192;0;0;0;1;1;0;0;2
53;7;66;30;26;2;0;0;0;0;0;0;53;7;66;30;26;2;0;1;0;1;1;1;4
55;73;87;15;110;73;0;73;0;0;0;73;55;0;87;15;110;0;0;0;0;1;0;0;1
55;1;10;6;110;0;0;0;0;0;0;0;55;1;10;6;110;0;0;1;1;1;0;1;4
83;68;74;7;41;68;0;68;0;0;0;68;83;0;74;7;41;0;0;0;0;1;0;0;1
65;6;88;10;97;12;0;0;0;0;0;0;65;6;88;10;97;12;0;1;0;1;0;1;3
46;42;4;39;15;28;0;0;0;0;0;0;46;42;4;39;15;28;0;0;1;0;1;1;3
83;16;50;6;55;8;0;0;0;0;0;0;83;16;50;6;55;8;0;1;0;1;0;1;3
11;63;52;44;11;189;11;0;0;0;11;0;0;63;52;44;0;189;0;0;0;0;0;0;0
95;54;19;22;190;81;0;0;0;0;0;0;95;54;19;22;190;81;0;0;1;1;0;0;2
29;88;54;13;14;44;0;0;0;0;0;0;29;88;54;13;14;44;1;0;0;1;1;0;3
58;56;36;23;58;168;58;0;0;0;58;0;0;56;36;23;0;168;0;0;1;1;0;0;2
57;8;33;46;171;4;0;0;0;0;0;0;57;8;33;46;171;4;0;1;1;0;0;1;3
14;80;35;20;28;120;0;0;0;0;0;0;14;80;35;20;28;120;1;0;1;1;1;0;4
36;23;39;26;24;46;0;0;0;0;0;0;36;23;39;26;24;46;1;1;0;1;1;0;4
93;18;77;7;46;18;0;18;0;0;0;18;93;0;77;7;46;0;0;0;0;1;0;0;1
32;10;35;46;10;30;0;10;0;0;10;0;32;0;35;46;0;30;1;0;1;0;0;1;3
41;42;64;42;41;126;41;42;0;42;41;0;0;0;64;0;0;126;0;0;0;0;0;0;0
72;5;69;39;24;5;0;5;0;0;0;5;72;0;69;39;24;0;0;0;0;0;1;0;1
100;55;70;42;300;165;0;0;0;0;0;0;100;55;70;42;300;165;0;0;0;0;0;0;0
31;71;64;31;20;71;31;71;0;31;0;71;0;0;64;0;20;0;0;0;0;0;1;0;1
91;7;37;6;91;7;91;7;0;0;91;7;0;0;37;6;0;0;0;0;0;1;0;0;1
68;31;2;23;22;10;0;0;0;0;0;0;68;31;2;23;22;10;0;1;1;1;1;1;5
72;91;82;25;72;91;72;91;0;0;72;91;0;0;82;25;0;0;0;0;0;1;0;0;1
68;18;72;8;68;12;68;0;0;0;68;0;0;18;72;8;0;12;0;1;0;1;0;1;3
9;94;20;49;9;94;9;94;0;0;9;94;0;0;20;49;0;0;0;0;1;0;0;0;1
34;13;64;50;17;4;0;0;0;0;0;0;34;13;64;50;17;4;1;1;0;0;1;1;4
26;66;87;5;26;44;26;0;0;0;26;0;0;66;87;5;0;44;0;0;0;1;0;0;1
90;22;14;7;90;66;90;0;0;0;90;0;0;22;14;7;0;66;0;1;1;1;0;0;3
89;55;78;29;59;27;0;0;0;0;0;0;89;55;78;29;59;27;0;0;0;1;0;1;2
77;2;82;44;25;4;0;0;0;0;0;0;77;2;82;44;25;4;0;1;0;0;1;1;3
62;34;78;44;124;51;0;0;0;0;0;0;62;34;78;44;124;51;0;1;0;0;0;0;1
68;60;78;15;45;60;0;60;0;0;0;60;68;0;78;15;45;0;0;0;0;1;0;0;1
94;70;34;50;94;70;94;70;0;0;94;70;0;0;34;50;0;0;0;0;1;0;0;0;1
29;85;37;15;29;85;29;85;0;0;29;85;0;0;37;15;0;0;0;0;0;1;0;0;1
34;75;80;48;102;75;0;75;0;0;0;75;34;0;80;48;102;0;1;0;0;0;0;0;1
60;34;46;26;120;51;0;0;0;0;0;0;60;34;46;26;120;51;0;1;0;1;0;0;2
91;43;86;30;45;43;0;43;0;0;0;43;91;0;86;30;45;0;0;0;0;1;0;0;1
17;48;11;37;17;144;17;0;0;0;17;0;0;48;11;37;0;144;0;0;1;0;0;0;1
75;8;20;13;75;12;75;0;0;0;75;0;0;8;20;13;0;12;0;1;1;1;0;1;4
87;15;69;21;87;7;87;0;0;0;87;0;0;15;69;21;0;7;0;1;0;1;0;1;3
75;48;4;28;112;24;0;0;0;0;0;0;75;48;4;28;112;24;0;0;1;1;0;1;3
81;41;37;39;81;13;81;0;0;0;81;0;0;41;37;39;0;13;0;0;0;0;0;1;1
25;4;55;5;12;1;0;0;0;0;0;0;25;4;55;5;12;1;1;1;0;1;1;1;5
77;97;71;46;77;32;77;0;0;0;77;0;0;97;71;46;0;32;0;0;0;0;0;1;1
96;85;81;46;48;42;0;0;0;0;0;0;96;85;81;46;48;42;0;0;0;0;0;0;0
73;34;54;39;24;11;0;0;0;0;0;0;73;34;54;39;24;11;0;1;0;0;1;1;3
72;99;62;40;48;99;0;99;0;0;0;99;72;0;62;40;48;0;0;0;0;0;0;0;0
37;76;41;24;24;152;0;0;0;24;24;0;37;76;41;0;0;152;0;0;0;0;0;0;0
42;73;69;21;14;73;0;73;0;0;0;73;42;0;69;21;14;0;0;0;0;1;1;0;2
38;64;46;17;19;64;0;64;0;0;0;64;38;0;46;17;19;0;0;0;0;1;1;0;2
9;12;70;1;9;12;9;12;0;0;9;12;0;0;70;1;0;0;0;0;0;1;0;0;1
9;73;94;40;4;73;0;73;0;0;0;73;9;0;94;40;4;0;1;0;0;0;1;0;2
100;19;46;42;100;19;100;19;0;0;100;19;0;0;46;42;0;0;0;0;0;0;0;0;0
22;52;75;9;22;26;22;0;0;0;22;0;0;52;75;9;0;26;0;0;0;1;0;1;2
44;9;66;15;29;27;0;0;0;0;0;0;44;9;66;15;29;27;0;1;0;1;1;1;4
83;16;4;26;249;16;0;16;0;0;0;16;83;0;4;26;249;0;0;0;1;1;0;0;2
37;58;1;20;55;29;0;0;0;0;0;0;37;58;1;20;55;29;0;0;1;1;0;1;3
77;29;3;7;115;29;0;29;0;0;0;29;77;0;3;7;115;0;0;0;1;1;0;0;2
88;32;100;47;176;21;0;0;0;0;0;0;88;32;100;47;176;21;0;1;0;0;0;1;2
6;21;39;30;9;21;0;21;0;0;0;21;6;0;39;30;9;0;1;0;0;1;1;0;3
12;18;73;9;12;18;12;18;0;0;12;18;0;0;73;9;0;0;0;0;0;1;0;0;1
66;13;3;45;198;19;0;0;0;0;0;0;66;13;3;45;198;19;0;1;1;0;0;1;3
13;55;58;38;39;55;0;55;0;0;0;55;13;0;58;38;39;0;1;0;0;0;0;0;1
54;20;4;3;162;20;0;20;0;0;0;20;54;0;4;3;162;0;0;0;1;1;0;0;2
99;8;19;22;33;16;0;0;0;0;0;0;99;8;19;22;33;16;0;1;1;1;1;1;5
13;3;41;5;13;6;13;0;0;0;13;0;0;3;41;5;0;6;0;1;0;1;0;1;3
95;54;60;24;95;108;95;0;0;0;95;0;0;54;60;24;0;108;0;0;0;1;0;0;1
37;67;31;49;55;22;0;0;0;0;0;0;37;67;31;49;55;22;0;0;1;0;0;1;2
26;82;100;11;26;27;26;0;0;0;26;0;0;82;100;11;0;27;0;0;0;1;0;1;2
72;53;20;27;72;26;72;0;0;0;72;0;0;53;20;27;0;26;0;0;1;1;0;1;3
89;2;18;28;29;1;0;0;0;0;0;0;89;2;18;28;29;1;0;1;1;1;1;1;5
95;97;24;36;95;97;95;97;0;0;95;97;0;0;24;36;0;0;0;0;1;1;0;0;2
67;52;51;41;33;34;0;0;0;0;0;0;67;52;51;41;33;34;0;0;0;0;1;1;2
10;85;75;49;6;56;0;0;0;0;0;0;10;85;75;49;6;56;1;0;0;0;1;0;2
57;45;89;8;19;45;0;45;0;0;0;45;57;0;89;8;19;0;0;0;0;1;1;0;2
71;10;89;37;142;3;0;0;0;0;0;0;71;10;89;37;142;3;0;1;0;0;0;1;2
3;35;59;38;3;70;3;0;0;0;3;0;0;35;59;38;0;70;0;1;0;0;0;0;1
11;47;97;43;11;47;11;47;0;0;11;47;0;0;97;43;0;0;0;0;0;0;0;0;0
69;4;4;49;46;2;0;4;4;0;0;0;69;0;0;49;46;2;0;0;0;0;0;1;1
29;8;62;2;58;5;0;0;0;0;0;0;29;8;62;2;58;5;1;1;0;1;0;1;4
71;30;68;30;71;20;71;30;0;30;71;0;0;0;68;0;0;20;0;0;0;0;0;1;1
78;80;64;12;156;26;0;0;0;0;0;0;78;80;64;12;156;26;0;0;0;1;0;1;2
97;82;26;41;145;246;0;0;0;0;0;0;97;82;26;41;145;246;0;0;1;0;0;0;1
38;33;80;45;38;16;38;0;0;0;38;0;0;33;80;45;0;16;0;1;0;0;0;1;2
30;71;65;42;10;71;0;71;0;0;0;71;30;0;65;42;10;0;1;0;0;0;1;0;2
43;98;21;38;28;65;0;0;0;0;0;0;43;98;21;38;28;65;0;0;1;0;1;0;2
43;73;47;45;43;48;43;0;0;0;43;0;0;73;47;45;0;48;0;0;0;0;0;0;0
59;4;3;23;88;4;0;4;0;0;0;4;59;0;3;23;88;0;0;0;1;1;0;0;2
28;94;73;20;18;141;0;0;0;0;0;0;28;94;73;20;18;141;1;0;0;1;1;0;3
11;61;3;32;3;30;0;0;3;0;3;0;11;61;0;32;0;30;1;0;0;1;0;1;3
88;25;63;11;88;16;88;0;0;0;88;0;0;25;63;11;0;16;0;1;0;1;0;1;3
97;97;90;50;97;97;97;97;0;0;97;97;0;0;90;50;0;0;0;0;0;0;0;0;0
11;89;74;5;11;178;11;0;0;0;11;0;0;89;74;5;0;178;0;0;0;1;0;0;1
48;55;92;26;96;110;0;0;0;0;0;0;48;55;92;26;96;110;0;0;0;1;0;0;1
1;73;95;6;0;73;0;73;0;0;0;73;1;0;95;6;0;0;1;0;0;1;1;0;3
62;3;43;23;31;1;0;0;0;0;0;0;62;3;43;23;31;1;0;1;0;1;1;1;4
54;69;14;11;54;207;54;0;0;0;54;0;0;69;14;11;0;207;0;0;1;1;0;0;2
42;83;41;34;42;124;42;0;0;0;42;0;0;83;41;34;0;124;0;0;0;1;0;0;1
45;46;75;32;22;46;0;46;0;0;0;46;45;0;75;32;22;0;0;0;0;1;1;0;2
98;9;55;19;49;13;0;0;0;0;0;0;98;9;55;19;49;13;0;1;0;1;0;1;3
66;17;43;31;66;51;66;0;0;0;66;0;0;17;43;31;0;51;0;1;0;1;0;0;2
37;41;6;26;55;41;0;41;0;0;0;41;37;0;6;26;55;0;0;0;1;1;0;0;2
30;48;55;5;90;48;0;48;0;0;0;48;30;0;55;5;90;0;1;0;0;1;0;0;2
36;58;64;25;24;87;0;0;0;0;0;0;36;58;64;25;24;87;1;0;0;1;1;0;3
5;96;66;9;2;96;0;96;0;0;0;96;5;0;66;9;2;0;1;0;0;1;1;0;3
42;50;51;27;42;33;42;0;0;0;42;0;0;50;51;27;0;33;0;0;0;1;0;1;2
39;76;38;36;117;25;0;0;0;0;0;0;39;76;38;36;117;25;0;0;0;1;0;1;2
92;62;9;26;138;186;0;0;0;0;0;0;92;62;9;26;138;186;0;0;1;1;0;0;2
79;100;19;7;79;150;79;0;0;0;79;0;0;100;19;7;0;150;0;0;1;1;0;0;2
50;5;19;34;75;10;0;0;0;0;0;0;50;5;19;34;75;10;0;1;1;1;0;1;4
40;27;81;45;80;27;0;27;0;0;0;27;40;0;81;45;80;0;0;0;0;0;0;0;0
76;13;31;48;228;19;0;0;0;0;0;0;76;13;31;48;228;19;0;1;1;0;0;1;3
93;48;10;5;139;32;0;0;0;0;0;0;93;48;10;5;139;32;0;0;1;1;0;1;3
89;48;13;44;89;24;89;0;0;0;89;0;0;48;13;44;0;24;0;0;1;0;0;1;2
74;38;47;18;148;12;0;0;0;0;0;0;74;38;47;18;148;12;0;0;0;1;0;1;2
17;22;65;3;8;33;0;0;0;0;0;0;17;22;65;3;8;33;1;1;0;1;1;1;5
55;96;76;18;18;192;0;0;0;18;18;0;55;96;76;0;0;192;0;0;0;0;0;0;0
92;15;58;35;61;15;0;15;0;0;0;15;92;0;58;35;61;0;0;0;0;1;0;0;1
66;1;53;4;66;0;66;0;0;0;66;0;0;1;53;4;0;0;0;1;0;1;0;1;3
93;76;3;41;93;228;93;0;0;0;93;0;0;76;3;41;0;228;0;0;1;0;0;0;1
78;83;51;28;156;166;0;0;0;0;0;0;78;83;51;28;156;166;0;0;0;1;0;0;1
43;59;92;43;43;59;43;59;0;43;43;59;0;0;92;0;0;0;0;0;0;0;0;0;0
15;66;72;33;7;132;0;0;0;0;0;0;15;66;72;33;7;132;1;0;0;1;1;0;3
42;75;94;41;14;75;0;75;0;0;0;75;42;0;94;41;14;0;0;0;0;0;1;0;1
38;11;25;39;57;3;0;0;0;0;0;0;38;11;25;39;57;3;0;1;1;0;0;1;3
59;26;59;41;39;8;59;0;59;0;0;0;0;26;0;41;39;8;0;1;0;0;0;1;2
83;59;63;46;83;88;83;0;0;0;83;0;0;59;63;46;0;88;0;0;0;0;0;0;0
2;16;31;8;0;5;0;0;0;0;0;0;2;16;31;8;0;5;1;1;1;1;1;1;6
38;44;71;48;114;44;0;44;0;0;0;44;38;0;71;48;114;0;0;0;0;0;0;0;0
67;3;56;8;22;1;0;0;0;0;0;0;67;3;56;8;22;1;0;1;0;1;1;1;4
87;26;33;40;87;52;87;0;0;0;87;0;0;26;33;40;0;52;0;1;1;0;0;0;2
45;74;83;24;45;111;45;0;0;0;45;0;0;74;83;24;0;111;0;0;0;1;0;0;1
67;56;91;47;134;37;0;0;0;0;0;0;67;56;91;47;134;37;0;0;0;0;0;0;0
69;21;39;44;207;7;0;0;0;0;0;0;69;21;39;44;207;7;0;1;0;0;0;1;2
8;29;59;44;8;43;8;0;0;0;8;0;0;29;59;44;0;43;0;1;0;0;0;0;1
88;68;84;21;58;136;0;0;0;0;0;0;88;68;84;21;58;136;0;0;0;1;0;0;1
50;79;44;48;50;158;50;0;0;0;50;0;0;79;44;48;0;158;0;0;0;0;0;0;0
95;30;73;12;95;30;95;30;0;0;95;30;0;0;73;12;0;0;0;0;0;1;0;0;1
3;91;94;24;1;91;0;91;0;0;0;91;3;0;94;24;1;0;1;0;0;1;1;0;3
91;46;72;4;30;15;0;0;0;0;0;0;91;46;72;4;30;15;0;0;0;1;1;1;3
39;94;38;34;19;282;0;0;0;0;0;0;39;94;38;34;19;282;0;0;0;1;1;0;2
87;85;55;38;29;28;0;0;0;0;0;0;87;85;55;38;29;28;0;0;0;0;1;1;2
76;97;75;16;76;97;76;97;0;0;76;97;0;0;75;16;0;0;0;0;0;1;0;0;1
3;4;22;5;3;8;3;0;0;0;3;0;0;4;22;5;0;8;0;1;1;1;0;1;4
56;73;60;9;28;73;0;73;0;0;0;73;56;0;60;9;28;0;0;0;0;1;1;0;2
66;10;92;6;132;30;0;0;0;0;0;0;66;10;92;6;132;30;0;1;0;1;0;1;3
90;70;21;33;135;46;0;0;0;0;0;0;90;70;21;33;135;46;0;0;1;1;0;0;2
82;66;55;32;123;198;0;0;0;0;0;0;82;66;55;32;123;198;0;0;0;1;0;0;1
33;2;37;13;99;1;0;0;0;0;0;0;33;2;37;13;99;1;1;1;0;1;0;1;4
34;15;13;14;102;15;0;15;0;0;0;15;34;0;13;14;102;0;1;0;1;1;0;0;3
44;66;33;26;44;66;44;66;0;0;44;66;0;0;33;26;0;0;0;0;1;1;0;0;2
98;62;52;28;98;20;98;0;0;0;98;0;0;62;52;28;0;20;0;0;0;1;0;1;2
32;59;87;29;32;29;32;0;0;29;32;29;0;59;87;0;0;0;0;0;0;0;0;0;0
44;29;80;28;88;29;0;29;0;0;0;29;44;0;80;28;88;0;0;0;0;1;0;0;1
25;95;25;7;37;95;25;95;25;0;0;95;0;0;0;7;37;0;0;0;0;1;0;0;1
46;35;5;4;69;35;0;35;0;0;0;35;46;0;5;4;69;0;0;0;1;1;0;0;2
90;26;88;1;135;26;0;26;0;0;0;26;90;0;88;1;135;0;0;0;0;1;0;0;1
6;73;71;36;6;24;6;0;0;0;6;0;0;73;71;36;0;24;0;0;0;1;0;1;2
94;37;73;5;94;74;94;0;0;0;94;0;0;37;73;5;0;74;0;0;0;1;0;0;1
73;80;16;16;73;80;73;80;16;16;73;80;0;0;0;0;0;0;0;0;0;0;0;0;0
85;72;29;13;42;144;0;0;0;0;0;0;85;72;29;13;42;144;0;0;1;1;0;0;2
26;54;40;41;26;162;26;0;0;0;26;0;0;54;40;41;0;162;0;0;0;0;0;0;0
76;4;77;49;76;2;76;0;0;0;76;0;0;4;77;49;0;2;0;1;0;0;0;1;2
95;11;54;30;95;11;95;11;0;0;95;11;0;0;54;30;0;0;0;0;0;1;0;0;1
10;52;92;20;10;34;10;0;0;0;10;0;0;52;92;20;0;34;0;0;0;1;0;1;2
54;83;44;48;54;83;54;83;0;0;54;83;0;0;44;48;0;0;0;0;0;0;0;0;0
56;10;55;7;56;15;56;0;0;0;56;0;0;10;55;7;0;15;0;1;0;1;0;1;3
13;80;90;38;39;120;0;0;0;0;0;0;13;80;90;38;39;120;1;0;0;0;0;0;1
8;72;28;8;12;24;8;0;0;8;0;0;0;72;28;0;12;24;0;0;1;0;1;1;3
12;98;99;11;12;98;12;98;0;0;12;98;0;0;99;11;0;0;0;0;0;1;0;0;1
71;31;14;41;47;10;0;0;0;0;0;0;71;31;14;41;47;10;0;1;1;0;0;1;3
68;73;51;25;102;146;0;0;0;0;0;0;68;73;51;25;102;146;0;0;0;1;0;0;1
87;10;2;3;58;3;0;0;0;3;0;3;87;10;2;0;58;0;0;1;1;0;0;0;2
97;35;82;38;32;70;0;0;0;0;0;0;97;35;82;38;32;70;0;1;0;0;1;0;2
12;52;34;40;6;156;0;0;0;0;0;0;12;52;34;40;6;156;1;0;1;0;1;0;3
6;41;40;6;18;41;6;41;0;6;0;41;0;0;40;0;18;0;0;0;0;0;1;0;1
86;99;8;47;28;49;0;0;0;0;0;0;86;99;8;47;28;49;0;0;1;0;1;0;2
1;4;7;50;1;1;1;0;0;0;1;1;0;4;7;50;0;0;0;1;1;0;0;0;2
51;1;18;46;51;2;51;0;0;0;51;0;0;1;18;46;0;2;0;1;1;0;0;1;3
70;76;95;12;70;76;70;76;0;0;70;76;0;0;95;12;0;0;0;0;0;1;0;0;1
14;11;27;8;4;16;0;0;0;0;0;0;14;11;27;8;4;16;1;1;1;1;1;1;6
63;17;88;11;31;25;0;0;0;0;0;0;63;17;88;11;31;25;0;1;0;1;1;1;4
89;44;63;49;59;44;0;44;0;0;0;44;89;0;63;49;59;0;0;0;0;0;0;0;0
61;53;56;2;122;106;0;0;0;0;0;0;61;53;56;2;122;106;0;0;0;1;0;0;1
76;95;80;21;50;285;0;0;0;0;0;0;76;95;80;21;50;285;0;0;0;1;0;0;1
1;27;2;1;0;18;1;0;0;1;0;0;0;27;2;0;0;18;0;1;1;0;1;1;4
93;26;16;16;46;8;0;0;16;16;0;0;93;26;0;0;46;8;0;1;0;0;0;1;2
59;1;60;18;29;0;0;0;0;0;0;0;59;1;60;18;29;0;0;1;0;1;1;1;4
65;55;83;49;43;27;0;0;0;0;0;0;65;55;83;49;43;27;0;0;0;0;0;1;1
72;46;42;6;216;69;0;0;0;0;0;0;72;46;42;6;216;69;0;0;0;1;0;0;1
83;93;34;34;124;139;0;0;34;34;0;0;83;93;0;0;124;139;0;0;0;0;0;0;0
79;30;99;9;79;30;79;30;0;0;79;30;0;0;99;9;0;0;0;0;0;1;0;0;1
86;3;96;19;57;2;0;0;0;0;0;0;86;3;96;19;57;2;0;1;0;1;0;1;3
98;100;42;47;294;100;0;100;0;0;0;100;98;0;42;47;294;0;0;0;0;0;0;0;0
84;30;82;22;42;30;0;30;0;0;0;30;84;0;82;22;42;0;0;0;0;1;0;0;1
93;23;61;16;62;23;0;23;0;0;0;23;93;0;61;16;62;0;0;0;0;1;0;0;1
58;50;34;42;58;33;58;0;0;0;58;0;0;50;34;42;0;33;0;0;1;0;0;1;2
20;39;65;50;10;19;0;0;0;0;0;0;20;39;65;50;10;19;1;0;0;0;1;1;3
3;71;97;10;1;106;0;0;0;0;0;0;3;71;97;10;1;106;1;0;0;1;1;0;3
93;64;11;3;31;64;0;64;0;0;0;64;93;0;11;3;31;0;0;0;1;1;1;0;3
99;9;51;24;297;27;0;0;0;0;0;0;99;9;51;24;297;27;0;1;0;1;0;1;3
25;38;61;33;25;76;25;0;0;0;25;0;0;38;61;33;0;76;0;0;0;1;0;0;1
47;71;43;33;47;71;47;71;0;0;47;71;0;0;43;33;0;0;0;0;0;1;0;0;1
36;17;54;11;12;11;0;0;0;11;0;11;36;17;54;0;12;0;1;1;0;0;1;0;3
96;44;45;26;96;14;96;0;0;0;96;0;0;44;45;26;0;14;0;0;0;1;0;1;2
1;16;42;37;1;16;1;16;0;0;1;16;0;0;42;37;0;0;0;0;0;0;0;0;0
29;8;51;32;29;16;29;0;0;0;29;0;0;8;51;32;0;16;0;1;0;1;0;1;3
28;44;53;47;28;22;28;0;0;0;28;0;0;44;53;47;0;22;0;0;0;0;0;1;1
76;41;34;15;76;123;76;0;0;0;76;0;0;41;34;15;0;123;0;0;1;1;0;0;2
2;52;66;15;2;78;2;0;0;0;2;0;0;52;66;15;0;78;0;0;0;1;0;0;1
13;96;10;41;26;192;0;0;0;0;0;0;13;96;10;41;26;192;1;0;1;0;1;0;3
35;24;99;32;35;24;35;24;0;0;35;24;0;0;99;32;0;0;0;0;0;1;0;0;1
29;64;60;35;9;128;0;0;0;0;0;0;29;64;60;35;9;128;1;0;0;1;1;0;3
79;98;99;17;79;147;79;0;0;0;79;0;0;98;99;17;0;147;0;0;0;1;0;0;1
83;41;13;30;83;41;83;41;0;0;83;41;0;0;13;30;0;0;0;0;1;1;0;0;2
6;83;14;27;2;55;0;0;0;0;0;0;6;83;14;27;2;55;1;0;1;1;1;0;4
98;61;63;12;98;40;98;0;0;0;98;0;0;61;63;12;0;40;0;0;0;1;0;0;1
55;26;92;3;110;13;0;0;0;0;0;0;55;26;92;3;110;13;0;1;0;1;0;1;3
81;92;66;25;40;92;0;92;0;0;0;92;81;0;66;25;40;0;0;0;0;1;0;0;1
84;62;63;28;84;31;84;0;0;0;84;0;0;62;63;28;0;31;0;0;0;1;0;1;2
89;39;100;30;59;39;0;39;0;0;0;39;89;0;100;30;59;0;0;0;0;1;0;0;1
33;51;51;48;49;51;0;51;51;0;0;51;33;0;0;48;49;0;1;0;0;0;0;0;1
96;62;94;20;96;62;96;62;0;0;96;62;0;0;94;20;0;0;0;0;0;1;0;0;1
81;72;90;14;54;24;0;0;0;0;0;0;81;72;90;14;54;24;0;0;0;1;0;1;2
35;86;18;23;52;86;0;86;0;0;0;86;35;0;18;23;52;0;1;0;1;1;0;0;3
8;38;70;17;12;76;0;0;0;0;0;0;8;38;70;17;12;76;1;0;0;1;1;0;3
91;71;83;30;30;106;0;0;0;30;30;0;91;71;83;0;0;106;0;0;0;0;0;0;0
50;1;1;40;50;1;50;1;1;0;50;1;0;0;0;40;0;0;0;0;0;0;0;0;0
65;23;32;11;21;46;0;0;0;0;0;0;65;23;32;11;21;46;0;1;1;1;1;0;4
5;76;10;25;5;76;5;76;0;0;5;76;0;0;10;25;0;0;0;0;1;1;0;0;2
9;91;48;1;18;136;0;0;0;0;0;0;9;91;48;1;18;136;1;0;0;1;1;0;3
67;36;77;1;33;36;0;36;0;0;0;36;67;0;77;1;33;0;0;0;0;1;1;0;2
70;64;33;41;46;96;0;0;0;0;0;0;70;64;33;41;46;96;0;0;1;0;0;0;1
87;97;27;35;29;97;0;97;0;0;0;97;87;0;27;35;29;0;0;0;1;1;1;0;3
42;63;22;7;126;63;0;63;0;0;0;63;42;0;22;7;126;0;0;0;1;1;0;0;2
36;21;52;17;108;10;0;0;0;0;0;0;36;21;52;17;108;10;1;1;0;1;0;1;4
6;48;50;16;9;72;0;0;0;0;0;0;6;48;50;16;9;72;1;0;0;1;1;0;3
94;68;85;36;141;102;0;0;0;0;0;0;94;68;85;36;141;102;0;0;0;1;0;0;1
32;67;98;8;64;67;0;67;0;0;0;67;32;0;98;8;64;0;1;0;0;1;0;0;2
7;53;33;44;3;53;0;53;0;0;0;53;7;0;33;44;3;0;1;0;1;0;1;0;3
85;55;16;29;42;55;0;55;0;0;0;55;85;0;16;29;42;0;0;0;1;1;0;0;2
62;75;30;1;62;25;62;0;0;0;62;0;0;75;30;1;0;25;0;0;1;1;0;1;3
70;75;25;35;23;25;0;0;25;0;0;25;70;75;0;35;23;0;0;0;0;1;1;0;2
16;55;90;23;16;55;16;55;0;0;16;55;0;0;90;23;0;0;0;0;0;1;0;0;1
73;58;79;10;24;58;0;58;0;0;0;58;73;0;79;10;24;0;0;0;0;1;1;0;2
52;7;40;21;52;4;52;0;0;0;52;0;0;7;40;21;0;4;0;1;0;1;0;1;3
98;71;38;11;196;35;0;0;0;0;0;0;98;71;38;11;196;35;0;0;0;1;0;1;2
93;56;83;25;279;168;0;0;0;0;0;0;93;56;83;25;279;168;0;0;0;1;0;0;1
27;67;37;10;27;33;27;0;0;0;27;0;0;67;37;10;0;33;0;0;0;1;0;1;2
85;9;98;44;170;9;0;9;0;0;0;9;85;0;98;44;170;0;0;0;0;0;0;0;0
96;68;21;12;48;68;0;68;0;0;0;68;96;0;21;12;48;0;0;0;1;1;0;0;2
67;48;24;28;22;24;0;0;24;0;0;24;67;48;0;28;22;0;0;0;0;1;1;0;2
70;99;78;12;35;49;0;0;0;0;0;0;70;99;78;12;35;49;0;0;0;1;1;0;2
57;72;90;25;85;72;0;72;0;0;0;72;57;0;90;25;85;0;0;0;0;1;0;0;1
8;10;96;7;8;6;8;0;0;0;8;0;0;10;96;7;0;6;0;1;0;1;0;1;3
20;87;44;48;20;87;20;87;0;0;20;87;0;0;44;48;0;0;0;0;0;0;0;0;0
82;89;7;34;54;44;0;0;0;0;0;0;82;89;7;34;54;44;0;0;1;1;0;0;2
80;79;81;7;80;26;80;0;0;0;80;0;0;79;81;7;0;26;0;0;0;1;0;1;2
56;2;4;23;37;4;0;0;4;0;0;4;56;2;0;23;37;0;0;1;0;1;0;0;2
66;39;51;33;66;58;66;0;0;0;66;0;0;39;51;33;0;58;0;0;0;1;0;0;1
60;61;9;21;60;122;60;0;0;0;60;0;0;61;9;21;0;122;0;0;1;1;0;0;2
74;21;27;4;74;7;74;0;0;0;74;0;0;21;27;4;0;7;0;1;1;1;0;1;4
63;55;8;17;63;18;63;0;0;0;63;0;0;55;8;17;0;18;0;0;1;1;0;1;3
60;85;26;43;60;56;60;0;0;0;60;0;0;85;26;43;0;56;0;0;1;0;0;0;1
14;10;40;2;4;3;0;0;0;0;0;0;14;10;40;2;4;3;1;1;0;1;1;1;5
22;49;71;21;22;147;22;0;0;0;22;0;0;49;71;21;0;147;0;0;0;1;0;0;1
50;15;48;18;25;15;0;15;0;0;0;15;50;0;48;18;25;0;0;0;0;1;1;0;2
79;41;90;39;79;20;79;0;0;0;79;0;0;41;90;39;0;20;0;0;0;0;0;1;1
53;73;8;20;79;24;0;0;0;0;0;0;53;73;8;20;79;24;0;0;1;1;0;1;3
88;14;26;29;264;14;0;14;0;0;0;14;88;0;26;29;264;0;0;0;1;1;0;0;2
72;13;54;47;24;13;0;13;0;0;0;13;72;0;54;47;24;0;0;0;0;0;1;0;1
10;46;1;22;3;30;0;0;0;0;0;0;10;46;1;22;3;30;1;0;1;1;1;1;5
22;35;88;26;44;11;0;0;0;0;0;0;22;35;88;26;44;11;1;1;0;1;0;1;4
57;27;62;21;28;27;0;27;0;0;0;27;57;0;62;21;28;0;0;0;0;1;1;0;2
28;67;79;40;9;100;0;0;0;0;0;0;28;67;79;40;9;100;1;0;0;0;1;0;2
49;86;83;48;73;86;0;86;0;0;0;86;49;0;83;48;73;0;0;0;0;0;0;0;0
91;58;17;26;91;58;91;58;0;0;91;58;0;0;17;26;0;0;0;0;1;1;0;0;2
42;2;10;18;126;6;0;0;0;0;0;0;42;2;10;18;126;6;0;1;1;1;0;1;4
5;4;24;37;2;12;0;0;0;0;0;0;5;4;24;37;2;12;1;1;1;0;1;1;5
91;2;70;34;91;2;91;2;0;0;91;2;0;0;70;34;0;0;0;0;0;1;0;0;1
65;75;11;32;65;75;65;75;0;0;65;75;0;0;11;32;0;0;0;0;1;1;0;0;2
53;65;38;41;106;32;0;0;0;0;0;0;53;65;38;41;106;32;0;0;0;0;0;1;1
70;46;11;41;70;46;70;46;0;0;70;46;0;0;11;41;0;0;0;0;1;0;0;0;1
13;68;29;24;19;68;0;68;0;0;0;68;13;0;29;24;19;0;1;0;1;1;1;0;4
25;42;85;43;25;42;25;42;0;0;25;42;0;0;85;43;0;0;0;0;0;0;0;0;0
81;24;78;50;243;36;0;0;0;0;0;0;81;24;78;50;243;36;0;1;0;0;0;1;2
52;66;69;24;156;99;0;0;0;0;0;0;52;66;69;24;156;99;0;0;0;1;0;0;1
30;85;15;23;60;42;0;0;0;0;0;0;30;85;15;23;60;42;1;0;1;1;0;0;3
77;28;4;8;38;9;0;0;0;0;0;0;77;28;4;8;38;9;0;1;1;1;0;1;4
40;50;94;45;40;25;40;0;0;0;40;0;0;50;94;45;0;25;0;0;0;0;0;1;1
75;65;40;25;150;130;0;0;0;0;0;0;75;65;40;25;150;130;0;0;0;1;0;0;1
50;55;90;3;16;110;0;0;0;0;0;0;50;55;90;3;16;110;0;0;0;1;1;0;2
9;45;38;15;18;45;0;45;0;0;0;45;9;0;38;15;18;0;1;0;0;1;1;0;3
16;68;19;26;8;136;0;0;0;0;0;0;16;68;19;26;8;136;1;0;1;1;1;0;4
46;83;49;5;69;166;0;0;0;0;0;0;46;83;49;5;69;166;0;0;0;1;0;0;1
19;57;51;21;6;38;0;0;0;0;0;0;19;57;51;21;6;38;1;0;0;1;1;0;3
6;1;36;38;2;3;0;0;0;0;0;0;6;1;36;38;2;3;1;1;1;0;1;1;5
54;52;10;30;27;52;0;52;0;0;0;52;54;0;10;30;27;0;0;0;1;1;1;0;3
59;27;66;10;118;81;0;0;0;0;0;0;59;27;66;10;118;81;0;1;0;1;0;0;2
73;21;20;2;36;21;0;21;0;0;0;21;73;0;20;2;36;0;0;0;1;1;1;0;3
66;29;12;1;99;9;0;0;0;0;0;0;66;29;12;1;99;9;0;1;1;1;0;1;4
19;81;85;16;12;40;0;0;0;0;0;0;19;81;85;16;12;40;1;0;0;1;1;0;3
78;54;73;31;26;18;0;0;0;0;0;0;78;54;73;31;26;18;0;0;0;1;1;1;3
38;95;8;41;38;285;38;0;0;0;38;0;0;95;8;41;0;285;0;0;1;0;0;0;1
43;56;49;28;14;37;0;0;0;0;0;0;43;56;49;28;14;37;0;0;0;1;1;0;2
78;67;64;39;78;134;78;0;0;0;78;0;0;67;64;39;0;134;0;0;0;0;0;0;0
19;43;77;16;6;86;0;0;0;0;0;0;19;43;77;16;6;86;1;0;0;1;1;0;3
12;6;93;39;12;6;12;6;0;0;12;6;0;0;93;39;0;0;0;0;0;0;0;0;0
84;31;82;29;42;93;0;0;0;0;0;0;84;31;82;29;42;93;0;1;0;1;0;0;2
82;68;53;43;82;204;82;0;0;0;82;0;0;68;53;43;0;204;0;0;0;0;0;0;0
40;25;23;17;26;50;0;0;0;0;0;0;40;25;23;17;26;50;0;1;1;1;1;0;4
73;100;2;48;73;200;73;0;0;0;73;0;0;100;2;48;0;200;0;0;1;0;0;0;1
83;38;88;5;41;19;0;0;0;0;0;0;83;38;88;5;41;19;0;0;0;1;0;1;2
42;97;34;47;42;194;42;0;0;0;42;0;0;97;34;47;0;194;0;0;1;0;0;0;1
94;57;74;29;94;28;94;0;0;0;94;0;0;57;74;29;0;28;0;0;0;1;0;1;2
96;30;53;21;48;20;0;0;0;0;0;0;96;30;53;21;48;20;0;1;0;1;0;1;3
32;56;96;36;32;84;32;0;0;0;32;0;0;56;96;36;0;84;0;0;0;1;0;0;1
8;97;69;23;8;64;8;0;0;0;8;0;0;97;69;23;0;64;0;0;0;1;0;0;1
39;89;76;4;39;133;39;0;0;0;39;0;0;89;76;4;0;133;0;0;0;1;0;0;1
100;6;18;31;100;18;100;0;18;0;100;18;0;6;0;31;0;0;0;1;0;1;0;0;2
60;9;4;33;40;27;0;0;0;0;0;0;60;9;4;33;40;27;0;1;1;1;0;1;4
43;9;80;4;14;6;0;0;0;0;0;0;43;9;80;4;14;6;0;1;0;1;1;1;4
19;87;76;1;6;43;0;0;0;0;0;0;19;87;76;1;6;43;1;0;0;1;1;0;3
11;90;92;36;3;270;0;0;0;0;0;0;11;90;92;36;3;270;1;0;0;1;1;0;3
59;25;60;5;59;8;59;0;0;0;59;0;0;25;60;5;0;8;0;1;0;1;0;1;3
8;54;7;8;12;54;8;54;0;8;0;54;0;0;7;0;12;0;0;0;1;0;1;0;2
54;66;60;45;108;22;0;0;0;0;0;0;54;66;60;45;108;22;0;0;0;0;0;1;1
50;57;75;46;33;85;0;0;0;0;0;0;50;57;75;46;33;85;0;0;0;0;1;0;1
83;37;50;21;166;12;0;0;0;0;0;0;83;37;50;21;166;12;0;0;0;1;0;1;2
11;4;93;25;11;4;11;4;0;0;11;4;0;0;93;25;0;0;0;0;0;1;0;0;1
63;94;47;31;42;62;0;0;0;0;0;0;63;94;47;31;42;62;0;0;0;1;0;0;1
24;82;47;23;16;41;0;0;0;0;0;0;24;82;47;23;16;41;1;0;0;1;1;0;3
62;50;81;47;62;50;62;50;0;0;62;50;0;0;81;47;0;0;0;0;0;0;0;0;0
68;89;43;29;34;178;0;0;0;0;0;0;68;89;43;29;34;178;0;0;0;1;1;0;2
73;87;57;47;73;87;73;87;0;0;73;87;0;0;57;47;0;0;0;0;0;0;0;0;0
43;55;38;35;21;165;0;0;0;0;0;0;43;55;38;35;21;165;0;0;0;1;1;0;2
51;67;83;29;51;44;51;0;0;0;51;0;0;67;83;29;0;44;0;0;0;1;0;0;1
68;11;65;23;136;16;0;0;0;0;0;0;68;11;65;23;136;16;0;1;0;1;0;1;3
81;20;85;31;162;10;0;0;0;0;0;0;81;20;85;31;162;10;0;1;0;1;0;1;3
16;84;19;5;48;252;0;0;0;0;0;0;16;84;19;5;48;252;1;0;1;1;0;0;3
86;81;65;43;28;162;0;0;0;0;0;0;86;81;65;43;28;162;0;0;0;0;1;0;1
87;56;64;37;87;56;87;56;0;0;87;56;0;0;64;37;0;0;0;0;0;0;0;0;0
92;25;13;22;92;12;92;0;0;0;92;0;0;25;13;22;0;12;0;1;1;1;0;1;4
30;61;61;43;60;91;0;61;61;0;0;0;30;0;0;43;60;91;1;0;0;0;0;0;1
39;45;33;46;117;45;0;45;0;0;0;45;39;0;33;46;117;0;0;0;1;0;0;0;1
49;69;87;1;147;69;0;69;0;0;0;69;49;0;87;1;147;0;0;0;0;1;0;0;1
53;17;29;47;17;17;0;17;0;0;17;17;53;0;29;47;0;0;0;0;1;0;0;0;1
47;9;97;15;141;9;0;9;0;0;0;9;47;0;97;15;141;0;0;0;0;1;0;0;1
56;63;91;46;28;31;0;0;0;0;0;0;56;63;91;46;28;31;0;0;0;0;1;1;2
74;72;78;3;24;72;0;72;0;0;0;72;74;0;78;3;24;0;0;0;0;1;1;0;2
84;1;62;49;84;1;84;1;0;0;84;1;0;0;62;49;0;0;0;0;0;0;0;0;0
32;58;15;2;32;58;32;58;0;0;32;58;0;0;15;2;0;0;0;0;1;1;0;0;2
24;53;84;25;48;53;0;53;0;0;0;53;24;0;84;25;48;0;1;0;0;1;0;0;2
88;2;37;38;29;4;0;0;0;0;0;0;88;2;37;38;29;4;0;1;0;0;1;1;3
18;35;70;36;6;35;0;35;0;0;0;35;18;0;70;36;6;0;1;0;0;1;1;0;3
91;70;69;39;91;210;91;0;0;0;91;0;0;70;69;39;0;210;0;0;0;0;0;0;0
41;3;30;3;61;3;0;3;0;3;0;3;41;0;30;0;61;0;0;0;1;0;0;0;1
94;95;15;35;94;190;94;0;0;0;94;0;0;95;15;35;0;190;0;0;1;1;0;0;2
38;49;46;17;76;49;0;49;0;0;0;49;38;0;46;17;76;0;0;0;0;1;0;0;1
66;36;24;50;44;72;0;0;0;0;0;0;66;36;24;50;44;72;0;1;1;0;0;0;2
92;95;31;40;138;142;0;0;0;0;0;0;92;95;31;40;138;142;0;0;1;0;0;0;1
58;64;52;33;29;64;0;64;0;0;0;64;58;0;52;33;29;0;0;0;0;1;1;0;2
63;48;37;9;31;96;0;0;0;0;0;0;63;48;37;9;31;96;0;0;0;1;1;0;2
35;54;53;36;11;54;0;54;0;0;0;54;35;0;53;36;11;0;1;0;0;1;1;0;3
15;1;72;47;30;0;0;0;0;0;0;0;15;1;72;47;30;0;1;1;0;0;1;1;4
70;77;52;25;140;51;0;0;0;0;0;0;70;77;52;25;140;51;0;0;0;1;0;0;1
88;1;88;18;88;0;88;0;88;0;88;0;0;1;0;18;0;0;0;1;0;1;0;1;3
97;20;47;6;145;13;0;0;0;0;0;0;97;20;47;6;145;13;0;1;0;1;0;1;3
71;62;40;40;106;41;0;0;40;40;0;0;71;62;0;0;106;41;0;0;0;0;0;0;0
28;75;45;10;9;75;0;75;0;0;0;75;28;0;45;10;9;0;1;0;0;1;1;0;3
100;72;80;24;200;216;0;0;0;0;0;0;100;72;80;24;200;216;0;0;0;1;0;0;1
84;34;52;8;28;102;0;0;0;0;0;0;84;34;52;8;28;102;0;1;0;1;1;0;3
38;83;10;23;114;83;0;83;0;0;0;83;38;0;10;23;114;0;0;0;1;1;0;0;2
39;33;48;34;58;33;0;33;0;0;0;33;39;0;48;34;58;0;0;0;0;1;0;0;1
5;32;85;28;5;96;5;0;0;0;5;0;0;32;85;28;0;96;0;1;0;1;0;0;2
78;100;68;21;234;300;0;0;0;0;0;0;78;100;68;21;234;300;0;0;0;1;0;0;1
49;97;21;33;16;97;0;97;0;0;0;97;49;0;21;33;16;0;0;0;1;1;1;0;3
19;52;14;46;19;17;19;0;0;0;19;0;0;52;14;46;0;17;0;0;1;0;0;1;2
43;100;28;3;43;200;43;0;0;0;43;0;0;100;28;3;0;200;0;0;1;1;0;0;2
10;89;38;24;30;29;0;0;0;0;0;0;10;89;38;24;30;29;1;0;0;1;1;1;4
6;35;64;17;2;35;0;35;0;0;0;35;6;0;64;17;2;0;1;0;0;1;1;0;3
84;8;51;25;84;4;84;0;0;0;84;0;0;8;51;25;0;4;0;1;0;1;0;1;3
37;6;50;48;24;6;0;6;0;0;0;6;37;0;50;48;24;0;0;0;0;0;1;0;1
60;34;76;16;30;102;0;0;0;0;0;0;60;34;76;16;30;102;0;1;0;1;1;0;3
4;8;57;16;6;16;0;0;0;16;0;16;4;8;57;0;6;0;1;1;0;0;1;0;3
87;7;25;11;87;14;87;0;0;0;87;0;0;7;25;11;0;14;0;1;1;1;0;1;4
28;51;44;10;28;51;28;51;0;0;28;51;0;0;44;10;0;0;0;0;0;1;0;0;1
89;65;92;27;89;65;89;65;0;0;89;65;0;0;92;27;0;0;0;0;0;1;0;0;1
86;82;97;16;172;54;0;0;0;0;0;0;86;82;97;16;172;54;0;0;0;1;0;0;1
79;97;77;12;158;145;0;0;0;0;0;0;79;97;77;12;158;145;0;0;0;1;0;0;1
75;58;57;38;150;116;0;0;0;0;0;0;75;58;57;38;150;116;0;0;0;0;0;0;0
93;61;98;7;186;91;0;0;0;0;0;0;93;61;98;7;186;91;0;0;0;1;0;0;1
93;100;76;24;186;66;0;0;0;0;0;0;93;100;76;24;186;66;0;0;0;1;0;0;1
81;89;42;16;54;29;0;0;0;0;0;0;81;89;42;16;54;29;0;0;0;1;0;1;2
70;85;26;31;46;127;0;0;0;0;0;0;70;85;26;31;46;127;0;0;1;1;0;0;2
43;28;40;44;14;28;0;28;0;0;0;28;43;0;40;44;14;0;0;0;0;0;1;0;1
14;57;43;33;14;28;14;0;0;0;14;0;0;57;43;33;0;28;0;0;0;1;0;1;2
79;38;61;39;237;38;0;38;0;0;0;38;79;0;61;39;237;0;0;0;0;0;0;0;0
45;71;95;48;67;142;0;0;0;0;0;0;45;71;95;48;67;142;0;0;0;0;0;0;0
3;1;1;3;1;1;3;1;1;3;1;1;0;0;0;0;0;0;0;0;0;0;0;0;0
22;41;43;24;66;13;0;0;0;0;0;0;22;41;43;24;66;13;1;0;0;1;0;1;3
29;37;88;11;14;55;0;0;0;0;0;0;29;37;88;11;14;55;1;0;0;1;1;0;3
29;40;72;3;58;80;0;0;0;0;0;0;29;40;72;3;58;80;1;0;0;1;0;0;2
22;60;82;9;66;60;0;60;0;0;0;60;22;0;82;9;66;0;1;0;0;1;0;0;2
37;44;79;48;37;44;37;44;0;0;37;44;0;0;79;48;0;0;0;0;0;0;0;0;0
56;26;98;5;28;26;0;26;0;0;0;26;56;0;98;5;28;0;0;0;0;1;1;0;2
3;62;35;20;2;186;0;0;0;0;0;0;3;62;35;20;2;186;1;0;1;1;1;0;4
17;2;3;26;17;2;17;2;0;0;17;2;0;0;3;26;0;0;0;0;1;1;0;0;2
96;21;24;39;288;10;0;0;0;0;0;0;96;21;24;39;288;10;0;1;1;0;0;1;3
71;56;57;21;71;168;71;0;0;0;71;0;0;56;57;21;0;168;0;0;0;1;0;0;1
20;75;79;43;6;75;0;75;0;0;0;75;20;0;79;43;6;0;1;0;0;0;1;0;2
42;85;44;1;84;56;0;0;0;0;0;0;42;85;44;1;84;56;0;0;0;1;0;0;1
19;59;85;32;28;118;0;0;0;0;0;0;19;59;85;32;28;118;1;0;0;1;1;0;3
100;61;73;15;100;61;100;61;0;0;100;61;0;0;73;15;0;0;0;0;0;1;0;0;1
50;21;80;36;33;63;0;0;0;0;0;0;50;21;80;36;33;63;0;1;0;1;1;0;3
47;91;8;19;141;136;0;0;0;0;0;0;47;91;8;19;141;136;0;0;1;1;0;0;2
80;61;63;32;240;91;0;0;0;0;0;0;80;61;63;32;240;91;0;0;0;1;0;0;1
48;98;73;50;48;98;48;98;0;0;48;98;0;0;73;50;0;0;0;0;0;0;0;0;0
12;33;35;20;6;99;0;0;0;0;0;0;12;33;35;20;6;99;1;1;1;1;1;0;5
85;79;45;48;42;39;0;0;0;0;0;0;85;79;45;48;42;39;0;0;0;0;0;0;0
60;17;51;34;120;17;0;17;0;0;0;17;60;0;51;34;120;0;0;0;0;1;0;0;1
9;4;67;33;9;4;9;4;0;0;9;4;0;0;67;33;0;0;0;0;0;1;0;0;1
74;76;57;43;148;50;0;0;0;0;0;0;74;76;57;43;148;50;0;0;0;0;0;0;0
96;7;35;29;192;3;0;0;0;0;0;0;96;7;35;29;192;3;0;1;1;1;0;1;4
26;8;10;17;52;8;0;8;0;0;0;8;26;0;10;17;52;0;1;0;1;1;0;0;3
47;29;20;42;47;29;47;29;0;0;47;29;0;0;20;42;0;0;0;0;1;0;0;0;1
53;86;44;43;159;57;0;0;0;0;0;0;53;86;44;43;159;57;0;0;0;0;0;0;0
70;91;58;22;70;45;70;0;0;0;70;0;0;91;58;22;0;45;0;0;0;1;0;0;1
4;41;2;9;12;41;0;41;0;0;0;41;4;0;2;9;12;0;1;0;1;1;1;0;4
70;63;51;18;23;31;0;0;0;0;0;0;70;63;51;18;23;31;0;0;0;1;1;1;3
29;95;56;33;19;142;0;0;0;0;0;0;29;95;56;33;19;142;1;0;0;1;1;0;3
7;79;91;32;3;39;0;0;0;0;0;0;7;79;91;32;3;39;1;0;0;1;1;0;3
30;6;85;32;90;9;0;0;0;0;0;0;30;6;85;32;90;9;1;1;0;1;0;1;4
17;28;22;6;11;56;0;0;0;0;0;0;17;28;22;6;11;56;1;1;1;1;1;0;5
75;58;90;21;50;58;0;58;0;0;0;58;75;0;90;21;50;0;0;0;0;1;0;0;1
14;98;93;3;42;98;0;98;0;0;0;98;14;0;93;3;42;0;1;0;0;1;0;0;2
34;53;67;30;22;35;0;0;0;0;0;0;34;53;67;30;22;35;1;0;0;1;1;1;4
11;61;81;3;22;122;0;0;0;0;0;0;11;61;81;3;22;122;1;0;0;1;1;0;3
95;98;67;29;95;98;95;98;0;0;95;98;0;0;67;29;0;0;0;0;0;1;0;0;1
54;40;53;20;162;26;0;0;0;0;0;0;54;40;53;20;162;26;0;0;0;1;0;1;2
86;55;54;2;172;55;0;55;0;0;0;55;86;0;54;2;172;0;0;0;0;1;0;0;1
37;88;59;27;18;88;0;88;0;0;0;88;37;0;59;27;18;0;0;0;0;1;1;0;2
81;34;14;42;162;34;0;34;0;0;0;34;81;0;14;42;162;0;0;0;1;0;0;0;1
25;79;40;4;25;52;25;0;0;0;25;0;0;79;40;4;0;52;0;0;0;1;0;0;1
92;26;86;2;92;13;92;0;0;0;92;0;0;26;86;2;0;13;0;1;0;1;0;1;3
24;6;30;41;12;6;0;6;0;0;0;6;24;0;30;41;12;0;1;0;1;0;1;0;3
74;14;31;3;74;42;74;0;0;0;74;0;0;14;31;3;0;42;0;1;1;1;0;0;3
48;70;9;9;24;46;0;0;9;9;0;0;48;70;0;0;24;46;0;0;0;0;1;0;1
25;81;28;15;37;54;0;0;0;0;0;0;25;81;28;15;37;54;1;0;1;1;0;0;3
43;37;75;33;14;74;0;0;0;0;0;0;43;37;75;33;14;74;0;0;0;1;1;0;2
38;72;95;15;76;36;0;0;0;0;0;0;38;72;95;15;76;36;0;0;0;1;0;1;2
100;31;81;13;50;31;0;31;0;0;0;31;100;0;81;13;50;0;0;0;0;1;0;0;1
96;99;6;46;288;99;0;99;0;0;0;99;96;0;6;46;288;0;0;0;1;0;0;0;1
96;36;67;44;64;24;0;0;0;0;0;0;96;36;67;44;64;24;0;1;0;0;0;1;2
84;63;82;36;84;126;84;0;0;0;84;0;0;63;82;36;0;126;0;0;0;1;0;0;1
40;53;12;28;13;26;0;0;0;0;0;0;40;53;12;28;13;26;0;0;1;1;1;1;4
35;80;2;12;11;40;0;0;0;0;0;0;35;80;2;12;11;40;1;0;1;1;1;0;4
38;71;44;7;25;71;0;71;0;0;0;71;38;0;44;7;25;0;0;0;0;1;1;0;2
34;69;69;49;102;103;0;69;69;0;0;0;34;0;0;49;102;103;1;0;0;0;0;0;1
12;26;10;6;6;13;0;0;0;6;6;0;12;26;10;0;0;13;1;1;1;0;0;1;4
28;86;72;32;42;28;28;0;0;0;0;28;0;86;72;32;42;0;0;0;0;1;0;0;1
78;10;29;30;78;6;78;0;0;0;78;0;0;10;29;30;0;6;0;1;1;1;0;1;4
32;60;78;31;64;30;0;0;0;0;0;0;32;60;78;31;64;30;1;0;0;1;0;1;3
32;57;29;27;32;28;32;0;0;0;32;0;0;57;29;27;0;28;0;0;1;1;0;1;3
51;80;9;24;17;80;0;80;0;0;0;80;51;0;9;24;17;0;0;0;1;1;1;0;3
67;35;83;4;67;105;67;0;0;0;67;0;0;35;83;4;0;105;0;1;0;1;0;0;2
41;68;35;1;41;68;41;68;0;0;41;68;0;0;35;1;0;0;0;0;1;1;0;0;2
89;17;32;1;59;8;0;0;0;0;0;0;89;17;32;1;59;8;0;1;1;1;0;1;4
23;47;57;13;23;47;23;47;0;0;23;47;0;0;57;13;0;0;0;0;0;1;0;0;1
95;61;54;5;190;61;0;61;0;0;0;61;95;0;54;5;190;0;0;0;0;1;0;0;1
73;2;92;11;109;0;0;0;0;0;0;0;73;2;92;11;109;0;0;1;0;1;0;1;3
6;61;68;32;18;30;0;0;0;0;0;0;6;61;68;32;18;30;1;0;0;1;1;1;4
63;89;25;38;63;133;63;0;0;0;63;0;0;89;25;38;0;133;0;0;1;0;0;0;1
55;96;76;23;82;192;0;0;0;0;0;0;55;96;76;23;82;192;0;0;0;1;0;0;1
87;58;72;6;87;58;87;58;0;0;87;58;0;0;72;6;0;0;0;0;0;1;0;0;1
48;33;9;28;32;99;0;0;0;0;0;0;48;33;9;28;32;99;0;1;1;1;1;0;4
67;37;66;43;201;37;0;37;0;0;0;37;67;0;66;43;201;0;0;0;0;0;0;0;0
56;22;86;47;56;33;56;0;0;0;56;0;0;22;86;47;0;33;0;1;0;0;0;1;2
82;92;17;42;82;46;82;0;0;0;82;0;0;92;17;42;0;46;0;0;1;0;0;0;1
90;48;16;27;270;24;0;0;0;0;0;0;90;48;16;27;270;24;0;0;1;1;0;1;3
69;86;27;23;34;57;0;0;0;0;0;0;69;86;27;23;34;57;0;0;1;1;1;0;3
29;77;94;16;9;154;0;0;0;0;0;0;29;77;94;16;9;154;1;0;0;1;1;0;3
29;43;27;2;58;86;0;0;0;0;0;0;29;43;27;2;58;86;1;0;1;1;0;0;3
38;80;60;36;38;80;38;80;0;0;38;80;0;0;60;36;0;0;0;0;0;1;0;0;1
68;15;2;44;136;5;0;0;0;0;0;0;68;15;2;44;136;5;0;1;1;0;0;1;3
88;36;85;20;88;36;88;36;0;0;88;36;0;0;85;20;0;0;0;0;0;1;0;0;1
79;25;98;50;52;50;0;0;0;50;0;50;79;25;98;0;52;0;0;1;0;0;0;0;1
53;89;54;35;79;89;0;89;0;0;0;89;53;0;54;35;79;0;0;0;0;1;0;0;1
78;73;86;46;39;146;0;0;0;0;0;0;78;73;86;46;39;146;0;0;0;0;0;0;0
12;83;92;16;6;41;0;0;0;0;0;0;12;83;92;16;6;41;1;0;0;1;1;0;3
37;62;44;13;55;41;0;0;0;0;0;0;37;62;44;13;55;41;0;0;0;1;0;0;1
90;84;44;16;90;42;90;0;0;0;90;0;0;84;44;16;0;42;0;0;0;1;0;0;1
35;51;21;1;35;153;35;0;0;0;35;0;0;51;21;1;0;153;0;0;1;1;0;0;2
81;49;82;22;81;16;81;0;0;0;81;0;0;49;82;22;0;16;0;0;0;1;0;1;2
93;79;46;13;279;79;0;79;0;0;0;79;93;0;46;13;279;0;0;0;0;1;0;0;1
51;76;79;14;34;76;0;76;0;0;0;76;51;0;79;14;34;0;0;0;0;1;1;0;2
22;79;66;9;14;237;0;0;0;0;0;0;22;79;66;9;14;237;1;0;0;1;1;0;3
8;89;67;3;12;89;0;89;0;0;0;89;8;0;67;3;12;0;1;0;0;1;1;0;3
12;79;24;42;4;79;0;79;0;0;0;79;12;0;24;42;4;0;1;0;1;0;1;0;3
27;74;20;5;27;222;27;0;0;0;27;0;0;74;20;5;0;222;0;0;1;1;0;0;2
48;9;95;11;144;3;0;0;0;0;0;0;48;9;95;11;144;3;0;1;0;1;0;1;3
1;66;21;2;0;44;0;0;0;0;0;0;1;66;21;2;0;44;1;0;1;1;1;0;4
38;36;22;7;38;36;38;36;0;0;38;36;0;0;22;7;0;0;0;0;1;1;0;0;2
37;9;21;47;18;9;0;9;0;0;0;9;37;0;21;47;18;0;0;0;1;0;1;0;2
82;27;46;2;27;18;0;27;0;0;27;0;82;0;46;2;0;18;0;0;0;1;0;1;2
29;46;18;11;43;69;0;0;0;0;0;0;29;46;18;11;43;69;1;0;1;1;0;0;3
42;99;12;31;42;99;42;99;0;0;42;99;0;0;12;31;0;0;0;0;1;1;0;0;2
69;35;80;49;23;35;0;35;0;0;0;35;69;0;80;49;23;0;0;0;0;0;1;0;1
52;5;39;34;26;7;0;0;0;0;0;0;52;5;39;34;26;7;0;1;0;1;1;1;4
100;38;45;47;200;12;0;0;0;0;0;0;100;38;45;47;200;12;0;0;0;0;0;1;1
67;77;6;29;67;38;67;0;0;0;67;0;0;77;6;29;0;38;0;0;1;1;0;0;2
10;79;96;50;30;52;0;0;0;0;0;0;10;79;96;50;30;52;1;0;0;0;1;0;2
27;32;84;29;40;64;0;0;0;0;0;0;27;32;84;29;40;64;1;1;0;1;0;0;3
36;67;57;2;54;67;0;67;0;0;0;67;36;0;57;2;54;0;1;0;0;1;0;0;2
38;79;46;27;57;26;0;0;0;0;0;0;38;79;46;27;57;26;0;0;0;1;0;1;2
31;38;33;31;62;76;31;0;0;31;0;0;0;38;33;0;62;76;0;0;1;0;0;0;1
66;84;73;44;44;84;0;84;0;44;44;84;66;0;73;0;0;0;0;0;0;0;0;0;0
36;69;83;22;12;69;0;69;0;0;0;69;36;0;83;22;12;0;1;0;0;1;1;0;3
28;17;28;4;14;17;28;17;28;0;0;17;0;0;0;4;14;0;0;0;0;1;1;0;2
78;77;61;28;26;77;0;77;0;0;0;77;78;0;61;28;26;0;0;0;0;1;1;0;2
53;58;21;39;53;19;53;0;0;0;53;0;0;58;21;39;0;19;0;0;1;0;0;1;2
9;7;44;38;6;10;0;0;0;0;0;0;9;7;44;38;6;10;1;1;0;0;1;1;4
74;88;2;12;24;88;0;88;0;0;0;88;74;0;2;12;24;0;0;0;1;1;1;0;3
29;55;91;43;43;27;0;0;0;43;43;0;29;55;91;0;0;27;1;0;0;0;0;1;2
19;88;54;1;19;132;19;0;0;0;19;0;0;88;54;1;0;132;0;0;0;1;0;0;1
15;30;83;26;5;10;0;0;0;0;0;0;15;30;83;26;5;10;1;1;0;1;1;1;5
71;74;22;11;106;74;0;74;0;0;0;74;71;0;22;11;106;0;0;0;1;1;0;0;2
75;2;63;1;50;1;0;0;0;1;0;1;75;2;63;0;50;0;0;1;0;0;0;0;1
57;10;37;41;28;10;0;10;0;0;0;10;57;0;37;41;28;0;0;0;0;0;1;0;1
63;27;26;2;21;27;0;27;0;0;0;27;63;0;26;2;21;0;0;0;1;1;1;0;3
39;82;20;17;19;82;0;82;0;0;0;82;39;0;20;17;19;0;0;0;1;1;1;0;3
100;9;94;37;100;18;100;0;0;0;100;0;0;9;94;37;0;18;0;1;0;0;0;1;2
42;67;66;34;126;22;0;0;0;0;0;0;42;67;66;34;126;22;0;0;0;1;0;1;2
43;46;12;20;43;23;43;0;0;0;43;0;0;46;12;20;0;23;0;0;1;1;0;1;3
60;77;60;18;20;231;60;0;60;0;0;0;0;77;0;18;20;231;0;0;0;1;1;0;2
13;56;16;40;13;56;13;56;0;0;13;56;0;0;16;40;0;0;0;0;1;0;0;0;1
79;58;82;20;79;58;79;58;0;0;79;58;0;0;82;20;0;0;0;0;0;1;0;0;1
76;37;56;39;152;18;0;0;0;0;0;0;76;37;56;39;152;18;0;0;0;0;0;1;1
57;18;67;40;19;6;0;0;0;0;0;0;57;18;67;40;19;6;0;1;0;0;1;1;3
23;67;58;50;11;67;0;67;0;0;0;67;23;0;58;50;11;0;1;0;0;0;1;0;2
92;94;43;45;46;94;0;94;0;0;0;94;92;0;43;45;46;0;0;0;0;0;0;0;0
41;97;52;19;41;32;41;0;0;0;41;0;0;97;52;19;0;32;0;0;0;1;0;1;2
43;95;22;37;28;285;0;0;0;0;0;0;43;95;22;37;28;285;0;0;1;0;1;0;2
23;83;62;21;34;27;0;0;0;0;0;0;23;83;62;21;34;27;1;0;0;1;1;1;4
73;5;86;27;219;7;0;0;0;0;0;0;73;5;86;27;219;7;0;1;0;1;0;1;3
39;24;18;50;39;36;39;0;0;0;39;0;0;24;18;50;0;36;0;1;1;0;0;1;3
7;44;51;4;7;66;7;0;0;0;7;0;0;44;51;4;0;66;0;0;0;1;0;0;1
50;99;35;4;100;66;0;0;0;0;0;0;50;99;35;4;100;66;0;0;1;1;0;0;2
61;62;28;13;40;20;0;0;0;0;0;0;61;62;28;13;40;20;0;0;1;1;0;1;3
48;100;32;31;24;200;0;0;0;0;0;0;48;100;32;31;24;200;0;0;1;1;1;0;3
89;26;31;38;89;8;89;0;0;0;89;0;0;26;31;38;0;8;0;1;1;0;0;1;3
89;83;65;12;178;83;0;83;0;0;0;83;89;0;65;12;178;0;0;0;0;1;0;0;1
80;47;45;11;40;15;0;0;0;0;0;0;80;47;45;11;40;15;0;0;0;1;0;1;2
44;3;43;11;66;9;0;0;0;0;0;0;44;3;43;11;66;9;0;1;0;1;0;1;3
32;22;69;32;96;22;32;22;0;32;0;22;0;0;69;0;96;0;0;0;0;0;0;0;0
56;36;96;6;112;12;0;0;0;0;0;0;56;36;96;6;112;12;0;1;0;1;0;1;3
65;51;2;42;97;17;0;0;0;0;0;0;65;51;2;42;97;17;0;0;1;0;0;1;2
49;61;39;37;49;61;49;61;0;0;49;61;0;0;39;37;0;0;0;0;0;0;0;0;0
33;95;15;37;99;190;0;0;0;0;0;0;33;95;15;37;99;190;1;0;1;0;0;0;2
27;37;64;31;9;12;0;0;0;0;0;0;27;37;64;31;9;12;1;0;0;1;1;1;4
44;20;31;17;44;30;44;0;0;0;44;0;0;20;31;17;0;30;0;1;1;1;0;1;4
3;28;44;8;3;14;3;0;0;0;3;0;0;28;44;8;0;14;0;1;0;1;0;1;3
28;96;80;26;9;96;0;96;0;0;0;96;28;0;80;26;9;0;1;0;0;1;1;0;3
15;52;93;42;15;52;15;52;0;0;15;52;0;0;93;42;0;0;0;0;0;0;0;0;0
39;50;100;31;78;150;0;0;0;0;0;0;39;50;100;31;78;150;0;0;0;1;0;0;1
78;88;66;42;39;88;0;88;0;0;0;88;78;0;66;42;39;0;0;0;0;0;0;0;0
89;92;2;14;89;30;89;0;0;0;89;0;0;92;2;14;0;30;0;0;1;1;0;1;3
76;18;71;2;76;12;76;0;0;0;76;0;0;18;71;2;0;12;0;1;0;1;0;1;3
71;98;22;28;142;98;0;98;0;0;0;98;71;0;22;28;142;0;0;0;1;1;0;0;2
48;54;90;42;144;162;0;0;0;0;0;0;48;54;90;42;144;162;0;0;0;0;0;0;0
63;17;30;11;189;5;0;0;0;0;0;0;63;17;30;11;189;5;0;1;1;1;0;1;4
5;43;81;3;10;14;0;0;0;0;0;0;5;43;81;3;10;14;1;0;0;1;1;1;4
22;6;80;28;22;18;22;0;0;0;22;0;0;6;80;28;0;18;0;1;0;1;0;1;3
77;61;46;42;77;61;77;61;0;0;77;61;0;0;46;42;0;0;0;0;0;0;0;0;0
28;93;86;31;56;62;0;0;0;0;0;0;28;93;86;31;56;62;1;0;0;1;0;0;2
7;95;80;10;7;190;7;0;0;0;7;0;0;95;80;10;0;190;0;0;0;1;0;0;1
39;34;95;14;26;11;0;0;0;0;0;0;39;34;95;14;26;11;0;1;0;1;1;1;4
42;100;46;8;126;66;0;0;0;0;0;0;42;100;46;8;126;66;0;0;0;1;0;0;1
79;20;13;11;158;20;0;20;0;0;0;20;79;0;13;11;158;0;0;0;1;1;0;0;2
89;23;76;18;89;23;89;23;0;0;89;23;0;0;76;18;0;0;0;0;0;1;0;0;1
7;28;33;31;7;18;7;0;0;0;7;0;0;28;33;31;0;18;0;1;1;1;0;1;4
43;49;60;15;28;32;0;0;0;0;0;0;43;49;60;15;28;32;0;0;0;1;1;1;3
17;6;92;40;17;4;17;0;0;0;17;0;0;6;92;40;0;4;0;1;0;0;0;1;2
62;38;67;36;62;12;62;0;0;0;62;0;0;38;67;36;0;12;0;0;0;1;0;1;2
82;60;56;27;246;60;0;60;0;0;0;60;82;0;56;27;246;0;0;0;0;1;0;0;1
85;34;92;48;255;22;0;0;0;0;0;0;85;34;92;48;255;22;0;1;0;0;0;1;2
35;34;3;33;17;17;0;0;0;0;17;17;35;34;3;33;0;0;1;1;1;1;0;0;4
4;23;23;42;2;69;0;23;23;0;0;0;4;0;0;42;2;69;1;0;0;0;1;0;2
85;100;58;36;127;300;0;0;0;0;0;0;85;100;58;36;127;300;0;0;0;1;0;0;1
73;80;75;17;73;40;73;0;0;0;73;0;0;80;75;17;0;40;0;0;0;1;0;0;1
69;94;53;33;69;94;69;94;0;0;69;94;0;0;53;33;0;0;0;0;0;1;0;0;1
58;33;26;29;19;33;0;33;0;0;0;33;58;0;26;29;19;0;0;0;1;1;1;0;3
96;17;75;15;96;51;96;0;0;0;96;0;0;17;75;15;0;51;0;1;0;1;0;0;2
80;72;72;11;53;72;0;72;72;0;0;72;80;0;0;11;53;0;0;0;0;1;0;0;1
42;57;22;20;84;38;0;0;0;0;0;0;42;57;22;20;84;38;0;0;1;1;0;0;2
44;80;3;48;66;40;0;0;0;0;0;0;44;80;3;48;66;40;0;0;1;0;0;0;1
18;89;60;41;6;89;0;89;0;0;0;89;18;0;60;41;6;0;1;0;0;0;1;0;2
27;88;99;27;18;29;27;0;0;27;0;0;0;88;99;0;18;29;0;0;0;0;1;1;2
28;7;59;33;14;7;0;7;0;0;0;7;28;0;59;33;14;0;1;0;0;1;1;0;3
38;95;100;13;38;95;38;95;0;0;38;95;0;0;100;13;0;0;0;0;0;1;0;0;1
92;84;98;37;92;56;92;0;0;0;92;0;0;84;98;37;0;56;0;0;0;0;0;0;0
28;61;58;23;28;30;28;0;0;0;28;0;0;61;58;23;0;30;0;0;0;1;0;1;2
24;60;5;15;36;60;0;60;0;0;0;60;24;0;5;15;36;0;1;0;1;1;1;0;4
55;87;27;47;55;29;55;0;0;0;55;0;0;87;27;47;0;29;0;0;1;0;0;1;2
40;20;49;17;120;20;0;20;0;0;0;20;40;0;49;17;120;0;0;0;0;1;0;0;1
23;47;97;36;23;94;23;0;0;0;23;0;0;47;97;36;0;94;0;0;0;1;0;0;1
55;7;54;6;36;3;0;0;0;0;0;0;55;7;54;6;36;3;0;1;0;1;1;1;4
25;68;42;22;12;34;0;0;0;0;0;0;25;68;42;22;12;34;1;0;0;1;1;1;4
16;24;34;10;16;8;16;0;0;0;16;0;0;24;34;10;0;8;0;1;1;1;0;1;4
82;76;3;42;246;25;0;0;0;0;0;0;82;76;3;42;246;25;0;0;1;0;0;1;2
22;39;8;7;7;13;0;0;0;7;7;0;22;39;8;0;0;13;1;0;1;0;0;1;3
10;35;84;6;3;70;0;0;0;0;0;0;10;35;84;6;3;70;1;1;0;1;1;0;4
12;72;57;45;12;24;12;0;0;0;12;0;0;72;57;45;0;24;0;0;0;0;0;1;1
84;31;93;22;168;20;0;0;0;0;0;0;84;31;93;22;168;20;0;1;0;1;0;1;3
91;52;7;30;91;156;91;0;0;0;91;0;0;52;7;30;0;156;0;0;1;1;0;0;2
62;50;34;43;124;50;0;50;0;0;0;50;62;0;34;43;124;0;0;0;1;0;0;0;1
79;66;66;10;79;66;79;66;66;0;79;66;0;0;0;10;0;0;0;0;0;1;0;0;1
36;19;73;13;54;28;0;0;0;0;0;0;36;19;73;13;54;28;1;1;0;1;0;1;4
15;15;71;28;10;15;15;15;0;0;0;15;0;0;71;28;10;0;0;0;0;1;1;0;2
3;59;36;49;1;118;0;0;0;0;0;0;3;59;36;49;1;118;1;0;1;0;1;0;3
60;52;99;2;60;17;60;0;0;0;60;0;0;52;99;2;0;17;0;0;0;1;0;1;2
26;10;73;9;8;3;0;0;0;0;0;0;26;10;73;9;8;3;1;1;0;1;1;1;5
21;68;3;41;10;204;0;0;0;0;0;0;21;68;3;41;10;204;1;0;1;0;1;0;3
68;57;18;35;34;57;0;57;0;0;0;57;68;0;18;35;34;0;0;0;1;1;1;0;3
78;76;61;40;156;152;0;0;0;0;0;0;78;76;61;40;156;152;0;0;0;0;0;0;0
60;84;38;22;90;56;0;0;0;0;0;0;60;84;38;22;90;56;0;0;0;1;0;0;1
61;41;37;19;61;20;61;0;0;0;61;0;0;41;37;19;0;20;0;0;0;1;0;1;2
98;55;45;3;98;55;98;55;0;0;98;55;0;0;45;3;0;0;0;0;0;1;0;0;1
74;74;5;11;24;74;74;74;0;0;0;74;0;0;5;11;24;0;0;0;1;1;1;0;3
17;44;85;25;8;44;0;44;0;0;0;44;17;0;85;25;8;0;1;0;0;1;1;0;3
27;83;96;31;40;249;0;0;0;0;0;0;27;83;96;31;40;249;1;0;0;1;0;0;2
64;87;75;2;64;130;64;0;0;0;64;0;0;87;75;2;0;130;0;0;0;1;0;0;1
24;42;58;8;24;42;24;42;0;0;24;42;0;0;58;8;0;0;0;0;0;1;0;0;1
97;67;12;25;97;67;97;67;0;0;97;67;0;0;12;25;0;0;0;0;1;1;0;0;2
34;51;7;8;34;51;34;51;0;0;34;51;0;0;7;8;0;0;0;0;1;1;0;0;2
90;22;74;46;60;11;0;0;0;0;0;0;90;22;74;46;60;11;0;1;0;0;0;1;2
84;68;62;15;84;204;84;0;0;0;84;0;0;68;62;15;0;204;0;0;0;1;0;0;1
67;5;92;32;100;5;0;5;0;0;0;5;67;0;92;32;100;0;0;0;0;1;0;0;1
33;3;28;33;22;9;33;0;0;33;0;0;0;3;28;0;22;9;0;1;1;0;1;1;4
79;76;38;13;39;228;0;0;0;0;0;0;79;76;38;13;39;228;0;0;0;1;0;0;1
22;63;31;47;66;189;0;0;0;0;0;0;22;63;31;47;66;189;1;0;1;0;0;0;2
98;31;71;28;147;46;0;0;0;0;0;0;98;31;71;28;147;46;0;1;0;1;0;0;2
64;62;67;1;32;93;0;0;0;0;0;0;64;62;67;1;32;93;0;0;0;1;1;0;2
81;89;60;32;162;59;0;0;0;0;0;0;81;89;60;32;162;59;0;0;0;1;0;0;1
24;60;40;5;24;90;24;0;0;0;24;0;0;60;40;5;0;90;0;0;0;1;0;0;1
84;8;29;46;56;8;0;8;0;0;0;8;84;0;29;46;56;0;0;0;1;0;0;0;1
48;58;88;26;48;29;48;0;0;0;48;0;0;58;88;26;0;29;0;0;0;1;0;1;2
34;14;60;35;51;7;0;0;0;0;0;0;34;14;60;35;51;7;1;1;0;1;0;1;4
52;18;18;32;52;6;52;18;18;0;52;0;0;0;0;32;0;6;0;0;0;1;0;1;2
45;24;41;15;45;12;45;0;0;0;45;0;0;24;41;15;0;12;0;1;0;1;0;1;3
94;28;91;46;94;14;94;0;0;0;94;0;0;28;91;46;0;14;0;1;0;0;0;1;2
25;25;8;31;25;12;25;25;0;0;25;0;0;0;8;31;0;12;0;0;1;1;0;1;3
14;29;94;9;14;58;14;0;0;0;14;0;0;29;94;9;0;58;0;1;0;1;0;0;2
27;41;83;29;13;27;27;0;0;0;0;27;0;41;83;29;13;0;0;0;0;1;1;0;2
70;69;80;4;70;138;70;0;0;0;70;0;0;69;80;4;0;138;0;0;0;1;0;0;1
39;64;34;7;13;128;0;0;0;0;0;0;39;64;34;7;13;128;0;0;1;1;1;0;3
51;32;39;24;76;32;0;32;0;0;0;32;51;0;39;24;76;0;0;0;0;1;0;0;1
95;92;19;25;63;30;0;0;0;0;0;0;95;92;19;25;63;30;0;0;1;1;0;1;3
18;52;69;44;36;52;0;52;0;0;0;52;18;0;69;44;36;0;1;0;0;0;1;0;2
50;76;98;38;75;38;0;0;0;38;0;38;50;76;98;0;75;0;0;0;0;0;0;0;0
19;46;3;43;9;46;0;46;0;0;0;46;19;0;3;43;9;0;1;0;1;0;1;0;3
90;29;19;26;270;9;0;0;0;0;0;0;90;29;19;26;270;9;0;1;1;1;0;1;4
35;57;21;21;23;28;0;0;21;21;0;0;35;57;0;0;23;28;1;0;0;0;1;1;3
37;18;37;16;37;27;37;0;37;0;37;0;0;18;0;16;0;27;0;1;0;1;0;1;3
98;81;89;24;98;121;98;0;0;0;98;0;0;81;89;24;0;121;0;0;0;1;0;0;1
35;13;67;31;35;6;35;0;0;0;35;0;0;13;67;31;0;6;0;1;0;1;0;1;3
13;40;100;9;13;120;13;0;0;0;13;0;0;40;100;9;0;120;0;0;0;1;0;0;1
71;95;10;49;71;31;71;0;0;0;71;0;0;95;10;49;0;31;0;0;1;0;0;1;2
34;43;80;18;34;43;34;43;0;0;34;43;0;0;80;18;0;0;0;0;0;1;0;0;1
8;9;59;49;4;9;0;9;0;0;0;9;8;0;59;49;4;0;1;0;0;0;1;0;2
5;94;63;47;5;47;5;0;0;47;5;47;0;94;63;0;0;0;0;0;0;0;0;0;0
64;49;87;7;64;24;64;0;0;0;64;0;0;49;87;7;0;24;0;0;0;1;0;1;2
78;94;22;35;78;94;78;94;0;0;78;94;0;0;22;35;0;0;0;0;1;1;0;0;2
10;93;68;6;5;186;0;0;0;0;0;0;10;93;68;6;5;186;1;0;0;1;1;0;3
50;59;66;28;50;88;50;0;0;0;50;0;0;59;66;28;0;88;0;0;0;1;0;0;1
78;84;65;8;234;252;0;0;0;0;0;0;78;84;65;8;234;252;0;0;0;1;0;0;1
41;13;7;39;41;26;41;0;0;0;41;0;0;13;7;39;0;26;0;1;1;0;0;1;3
15;7;4;37;15;3;15;0;0;0;15;0;0;7;4;37;0;3;0;1;1;0;0;1;3
25;63;73;16;25;63;25;63;0;0;25;63;0;0;73;16;0;0;0;0;0;1;0;0;1
93;43;53;2;139;43;0;43;0;0;0;43;93;0;53;2;139;0;0;0;0;1;0;0;1
72;47;91;30;216;141;0;0;0;0;0;0;72;47;91;30;216;141;0;0;0;1;0;0;1
28;56;40;48;18;168;0;0;0;0;0;0;28;56;40;48;18;168;1;0;0;0;1;0;2
66;51;25;7;66;51;66;51;0;0;66;51;0;0;25;7;0;0;0;0;1;1;0;0;2
100;98;25;28;50;147;0;0;0;0;0;0;100;98;25;28;50;147;0;0;1;1;0;0;2
8;2;67;35;5;2;0;2;0;0;0;2;8;0;67;35;5;0;1;0;0;1;1;0;3
61;46;43;10;91;46;0;46;0;0;0;46;61;0;43;10;91;0;0;0;0;1;0;0;1
17;92;87;41;17;46;17;0;0;0;17;0;0;92;87;41;0;46;0;0;0;0;0;0;0
35;6;31;8;11;9;0;0;0;0;0;0;35;6;31;8;11;9;1;1;1;1;1;1;6
50;100;72;37;50;100;50;100;0;0;50;100;0;0;72;37;0;0;0;0;0;0;0;0;0
83;6;16;38;41;9;0;0;0;0;0;0;83;6;16;38;41;9;0;1;1;0;0;1;3
7;44;99;19;2;14;0;0;0;0;0;0;7;44;99;19;2;14;1;0;0;1;1;1;4
42;77;5;11;42;77;42;77;0;0;42;77;0;0;5;11;0;0;0;0;1;1;0;0;2
16;34;20;12;8;68;0;0;0;0;0;0;16;34;20;12;8;68;1;1;1;1;1;0;5
91;51;9;40;136;51;0;51;0;0;0;51;91;0;9;40;136;0;0;0;1;0;0;0;1
26;77;89;2;13;51;0;0;0;0;0;0;26;77;89;2;13;51;1;0;0;1;1;0;3
74;9;100;6;111;9;0;9;0;0;0;9;74;0;100;6;111;0;0;0;0;1;0;0;1
56;55;59;45;37;55;0;55;0;0;0;55;56;0;59;45;37;0;0;0;0;0;0;0;0
25;12;13;44;50;18;0;0;0;0;0;0;25;12;13;44;50;18;1;1;1;0;0;1;4
78;55;7;1;39;165;0;0;0;0;0;0;78;55;7;1;39;165;0;0;1;1;0;0;2
12;3;49;10;24;1;0;0;0;0;0;0;12;3;49;10;24;1;1;1;0;1;1;1;5
74;7;79;50;222;7;0;7;0;0;0;7;74;0;79;50;222;0;0;0;0;0;0;0;0
1;37;29;29;0;55;0;0;29;29;0;0;1;37;0;0;0;55;1;0;0;0;1;0;2
71;95;75;50;23;190;0;0;0;0;0;0;71;95;75;50;23;190;0;0;0;0;1;0;1
85;63;45;16;85;21;85;0;0;0;85;0;0;63;45;16;0;21;0;0;0;1;0;1;2
19;52;85;8;6;104;0;0;0;0;0;0;19;52;85;8;6;104;1;0;0;1;1;0;3
53;100;78;5;53;33;53;0;0;0;53;0;0;100;78;5;0;33;0;0;0;1;0;1;2
64;22;28;46;96;44;0;0;0;0;0;0;64;22;28;46;96;44;0;1;1;0;0;0;2
59;80;59;15;88;53;59;0;59;0;0;0;0;80;0;15;88;53;0;0;0;1;0;0;1
70;13;68;46;35;26;0;0;0;0;0;0;70;13;68;46;35;26;0;1;0;0;1;1;3
41;7;41;21;41;21;41;0;41;21;41;21;0;7;0;0;0;0;0;1;0;0;0;0;1
93;92;93;31;186;184;93;0;93;0;0;0;0;92;0;31;186;184;0;0;0;1;0;0;1
9;77;43;32;27;51;0;0;0;0;0;0;9;77;43;32;27;51;1;0;0;1;1;0;3
72;27;23;15;72;18;72;0;0;0;72;0;0;27;23;15;0;18;0;1;1;1;0;1;4
95;60;59;33;31;60;0;60;0;0;0;60;95;0;59;33;31;0;0;0;0;1;1;0;2
67;7;85;46;67;21;67;0;0;0;67;0;0;7;85;46;0;21;0;1;0;0;0;1;2
78;38;13;12;156;19;0;0;0;0;0;0;78;38;13;12;156;19;0;0;1;1;0;1;3
71;28;26;30;71;56;71;0;0;0;71;0;0;28;26;30;0;56;0;1;1;1;0;0;3
95;82;28;21;95;82;95;82;0;0;95;82;0;0;28;21;0;0;0;0;1;1;0;0;2
33;92;47;11;33;184;33;0;0;0;33;0;0;92;47;11;0;184;0;0;0;1;0;0;1
54;48;61;36;36;96;0;0;0;36;36;0;54;48;61;0;0;96;0;0;0;0;0;0;0
12;7;14;4;18;14;0;0;14;0;0;14;12;7;0;4;18;0;1;1;0;1;1;0;4
10;63;15;38;15;63;0;63;15;0;15;63;10;0;0;38;0;0;1;0;0;0;0;0;1
60;87;50;24;30;29;0;0;0;0;0;0;60;87;50;24;30;29;0;0;0;1;1;1;3
27;13;59;40;27;13;27;13;0;0;27;13;0;0;59;40;0;0;0;0;0;0;0;0;0
54;69;96;19;54;138;54;0;0;0;54;0;0;69;96;19;0;138;0;0;0;1;0;0;1
18;20;68;7;18;6;18;0;0;0;18;0;0;20;68;7;0;6;0;1;0;1;0;1;3
40;73;68;25;13;73;0;73;0;0;0;73;40;0;68;25;13;0;0;0;0;1;1;0;2
47;56;59;36;47;18;47;0;0;0;47;0;0;56;59;36;0;18;0;0;0;1;0;1;2
25;14;45;18;12;14;0;14;0;0;0;14;25;0;45;18;12;0;1;0;0;1;1;0;3
18;48;3;6;12;48;0;48;0;0;0;48;18;0;3;6;12;0;1;0;1;1;1;0;4
93;37;98;22;46;74;0;0;0;0;0;0;93;37;98;22;46;74;0;0;0;1;0;0;1
10;7;91;27;20;21;0;0;0;0;0;0;10;7;91;27;20;21;1;1;0;1;1;1;5
66;36;11;39;22;72;0;0;0;0;0;0;66;36;11;39;22;72;0;1;1;0;1;0;3
75;42;94;18;150;42;0;42;0;0;0;42;75;0;94;18;150;0;0;0;0;1;0;0;1
29;34;89;11;29;68;29;0;0;0;29;0;0;34;89;11;0;68;0;1;0;1;0;0;2
14;58;6;26;14;58;14;58;0;0;14;58;0;0;6;26;0;0;0;0;1;1;0;0;2
71;83;89;31;71;83;71;83;0;0;71;83;0;0;89;31;0;0;0;0;0;1;0;0;1
9;100;91;29;4;100;0;100;0;0;0;100;9;0;91;29;4;0;1;0;0;1;1;0;3
66;96;46;9;44;48;0;0;0;0;0;0;66;96;46;9;44;48;0;0;0;1;0;0;1
18;50;26;1;54;33;0;0;0;0;0;0;18;50;26;1;54;33;1;0;1;1;0;1;4
74;39;91;17;49;39;0;39;0;0;0;39;74;0;91;17;49;0;0;0;0;1;0;0;1
90;15;69;28;60;22;0;0;0;0;0;0;90;15;69;28;60;22;0;1;0;1;0;1;3
20;31;79;46;60;31;0;31;0;0;0;31;20;0;79;46;60;0;1;0;0;0;0;0;1
53;90;5;11;17;90;0;90;0;0;0;90;53;0;5;11;17;0;0;0;1;1;1;0;3
46;51;34;3;15;17;0;0;0;0;0;0;46;51;34;3;15;17;0;0;1;1;1;1;4
1;92;91;6;0;46;0;0;0;0;0;0;1;92;91;6;0;46;1;0;0;1;1;0;3
90;100;72;20;90;33;90;0;0;0;90;0;0;100;72;20;0;33;0;0;0;1;0;1;2
7;77;80;6;4;51;0;0;0;0;0;0;7;77;80;6;4;51;1;0;0;1;1;0;3
22;81;47;5;11;40;0;0;0;0;0;0;22;81;47;5;11;40;1;0;0;1;1;0;3
61;89;41;3;20;267;0;0;0;0;0;0;61;89;41;3;20;267;0;0;0;1;1;0;2
60;2;42;15;60;2;60;2;0;0;60;2;0;0;42;15;0;0;0;0;0;1;0;0;1
39;99;94;25;117;99;0;99;0;0;0;99;39;0;94;25;117;0;0;0;0;1;0;0;1
33;56;48;22;33;37;33;0;0;0;33;0;0;56;48;22;0;37;0;0;0;1;0;0;1
8;41;13;15;2;20;0;0;0;0;0;0;8;41;13;15;2;20;1;0;1;1;1;1;5
87;93;51;16;58;279;0;0;0;0;0;0;87;93;51;16;58;279;0;0;0;1;0;0;1
94;26;50;47;47;8;0;0;0;47;47;0;94;26;50;0;0;8;0;1;0;0;0;1;2
58;20;57;4;38;20;0;20;0;0;0;20;58;0;57;4;38;0;0;0;0;1;0;0;1
26;39;34;23;26;39;26;39;0;0;26;39;0;0;34;23;0;0;0;0;1;1;0;0;2
4;81;10;49;6;81;0;81;0;0;0;81;4;0;10;49;6;0;1;0;1;0;1;0;3
71;5;77;13;71;3;71;0;0;0;71;0;0;5;77;13;0;3;0;1;0;1;0;1;3
40;76;34;3;20;228;0;0;0;0;0;0;40;76;34;3;20;228;0;0;1;1;1;0;3
65;2;4;19;65;1;65;0;0;0;65;0;0;2;4;19;0;1;0;1;1;1;0;1;4
66;43;45;12;44;64;0;0;0;0;0;0;66;43;45;12;44;64;0;0;0;1;0;0;1
45;51;58;18;30;51;0;51;0;0;0;51;45;0;58;18;30;0;0;0;0;1;1;0;2
92;58;79;31;46;116;0;0;0;0;0;0;92;58;79;31;46;116;0;0;0;1;0;0;1
56;90;60;41;56;270;56;0;0;0;56;0;0;90;60;41;0;270;0;0;0;0;0;0;0
37;97;15;31;55;97;0;97;0;0;0;97;37;0;15;31;55;0;0;0;1;1;0;0;2
80;32;41;35;80;21;80;0;0;0;80;0;0;32;41;35;0;21;0;1;0;1;0;1;3
19;16;43;6;38;10;0;0;0;0;0;0;19;16;43;6;38;10;1;1;0;1;0;1;4
66;10;81;35;66;3;66;0;0;0;66;0;0;10;81;35;0;3;0;1;0;1;0;1;3
92;20;7;25;92;13;92;0;0;0;92;0;0;20;7;25;0;13;0;1;1;1;0;1;4
27;27;97;22;18;54;27;27;0;0;0;0;0;0;97;22;18;54;0;0;0;1;1;0;2
43;23;66;37;28;69;0;0;0;0;0;0;43;23;66;37;28;69;0;1;0;0;1;0;2
5;75;68;42;1;150;0;0;0;0;0;0;5;75;68;42;1;150;1;0;0;0;1;0;2
42;94;69;30;28;188;0;0;0;0;0;0;42;94;69;30;28;188;0;0;0;1;1;0;2
82;10;51;44;82;15;82;0;0;0;82;0;0;10;51;44;0;15;0;1;0;0;0;1;2
62;30;99;28;31;30;0;30;0;0;0;30;62;0;99;28;31;0;0;0;0;1;1;0;2
45;75;70;18;90;50;0;0;0;0;0;0;45;75;70;18;90;50;0;0;0;1;0;0;1
57;61;16;44;85;91;0;0;0;0;0;0;57;61;16;44;85;91;0;0;1;0;0;0;1
83;84;54;29;83;42;83;0;0;0;83;0;0;84;54;29;0;42;0;0;0;1;0;0;1
43;86;63;50;129;28;0;0;0;0;0;0;43;86;63;50;129;28;0;0;0;0;0;1;1
59;14;59;3;177;14;59;14;59;0;0;14;0;0;0;3;177;0;0;0;0;1;0;0;1
71;98;73;6;71;32;71;0;0;0;71;0;0;98;73;6;0;32;0;0;0;1;0;1;2
24;8;88;46;8;2;0;8;0;0;8;0;24;0;88;46;0;2;1;0;0;0;0;1;2
28;67;12;22;28;201;28;0;0;0;28;0;0;67;12;22;0;201;0;0;1;1;0;0;2
87;24;72;4;87;24;87;24;0;0;87;24;0;0;72;4;0;0;0;0;0;1;0;0;1
5;24;79;47;5;24;5;24;0;0;5;24;0;0;79;47;0;0;0;0;0;0;0;0;0
70;84;32;41;35;42;0;0;0;0;0;0;70;84;32;41;35;42;0;0;1;0;1;0;2
5;88;89;38;5;29;5;0;0;0;5;0;0;88;89;38;0;29;0;0;0;0;0;1;1
17;19;79;30;11;19;0;19;0;0;0;19;17;0;79;30;11;0;1;0;0;1;1;0;3
5;60;57;40;1;40;0;0;0;40;0;40;5;60;57;0;1;0;1;0;0;0;1;0;2
77;97;25;8;38;194;0;0;0;0;0;0;77;97;25;8;38;194;0;0;1;1;0;0;2
1;30;14;32;1;20;1;0;0;0;1;0;0;30;14;32;0;20;0;1;1;1;0;1;4
94;43;16;23;282;21;0;0;0;0;0;0;94;43;16;23;282;21;0;0;1;1;0;1;3
70;17;18;15;35;25;0;0;0;0;0;0;70;17;18;15;35;25;0;1;1;1;1;1;5
26;82;13;19;52;82;0;82;0;0;0;82;26;0;13;19;52;0;1;0;1;1;0;0;3
44;79;9;17;44;39;44;0;0;0;44;0;0;79;9;17;0;39;0;0;1;1;0;0;2
12;7;99;6;4;10;0;0;0;0;0;0;12;7;99;6;4;10;1;1;0;1;1;1;5
38;55;47;27;114;110;0;0;0;0;0;0;38;55;47;27;114;110;0;0;0;1;0;0;1
82;38;89;14;82;38;82;38;0;0;82;38;0;0;89;14;0;0;0;0;0;1;0;0;1
86;15;83;17;86;30;86;0;0;0;86;0;0;15;83;17;0;30;0;1;0;1;0;1;3
31;30;97;36;93;20;0;0;0;0;0;0;31;30;97;36;93;20;1;1;0;1;0;1;4
51;34;64;25;76;68;0;0;0;0;0;0;51;34;64;25;76;68;0;1;0;1;0;0;2
32;74;83;42;32;74;32;74;0;0;32;74;0;0;83;42;0;0;0;0;0;0;0;0;0
14;95;72;14;14;190;14;0;0;14;14;0;0;95;72;0;0;190;0;0;0;0;0;0;0
46;4;2;24;46;2;46;0;2;0;46;2;0;4;0;24;0;0;0;1;0;1;0;0;2
84;28;75;8;42;56;0;0;0;0;0;0;84;28;75;8;42;56;0;1;0;1;0;0;2
96;7;5;1;64;2;0;0;0;0;0;0;96;7;5;1;64;2;0;1;1;1;0;1;4
90;53;57;15;90;53;90;53;0;0;90;53;0;0;57;15;0;0;0;0;0;1;0;0;1
100;69;77;1;50;69;0;69;0;0;0;69;100;0;77;1;50;0;0;0;0;1;0;0;1
76;96;38;2;50;288;0;0;0;0;0;0;76;96;38;2;50;288;0;0;0;1;0;0;1
78;46;14;17;39;15;0;0;0;0;0;0;78;46;14;17;39;15;0;0;1;1;0;1;3
29;73;24;38;87;36;0;0;0;0;0;0;29;73;24;38;87;36;1;0;1;0;0;1;3
6;40;56;5;6;40;6;40;0;0;6;40;0;0;56;5;0;0;0;0;0;1;0;0;1
76;63;24;17;76;189;76;0;0;0;76;0;0;63;24;17;0;189;0;0;1;1;0;0;2
92;44;18;3;30;22;0;0;0;0;0;0;92;44;18;3;30;22;0;0;1;1;1;1;4
86;20;36;49;86;6;86;0;0;0;86;0;0;20;36;49;0;6;0;1;1;0;0;1;3
97;39;70;45;291;39;0;39;0;0;0;39;97;0;70;45;291;0;0;0;0;0;0;0;0
25;36;26;39;50;12;0;0;0;0;0;0;25;36;26;39;50;12;1;1;1;0;0;1;4
73;18;31;32;109;27;0;0;0;0;0;0;73;18;31;32;109;27;0;1;1;1;0;1;4
93;26;9;30;279;39;0;0;0;0;0;0;93;26;9;30;279;39;0;1;1;1;0;0;3
41;64;42;8;41;192;41;0;0;0;41;0;0;64;42;8;0;192;0;0;0;1;0;0;1
29;83;46;26;87;83;0;83;0;0;0;83;29;0;46;26;87;0;1;0;0;1;0;0;2
63;73;53;16;63;73;63;73;0;0;63;73;0;0;53;16;0;0;0;0;0;1;0;0;1
34;33;14;27;68;22;0;0;0;0;0;0;34;33;14;27;68;22;1;1;1;1;0;1;5
72;27;90;48;216;27;0;27;0;0;0;27;72;0;90;48;216;0;0;0;0;0;0;0;0
41;1;39;25;27;1;0;1;0;0;0;1;41;0;39;25;27;0;0;0;0;1;1;0;2
100;100;57;10;50;200;100;100;0;0;0;0;0;0;57;10;50;200;0;0;0;1;0;0;1
73;26;95;32;73;52;73;0;0;0;73;0;0;26;95;32;0;52;0;1;0;1;0;0;2
39;19;12;19;117;38;0;19;0;19;0;0;39;0;12;0;117;38;0;0;1;0;0;0;1
77;73;30;1;25;73;0;73;0;0;0;73;77;0;30;1;25;0;0;0;1;1;1;0;3
44;92;14;2;22;92;0;92;0;0;0;92;44;0;14;2;22;0;0;0;1;1;1;0;3
59;68;20;2;59;136;59;0;0;0;59;0;0;68;20;2;0;136;0;0;1;1;0;0;2
59;61;14;46;39;122;0;0;0;0;0;0;59;61;14;46;39;122;0;0;1;0;0;0;1
10;71;11;2;10;71;10;71;0;0;10;71;0;0;11;2;0;0;0;0;1;1;0;0;2
15;33;14;15;7;33;15;33;0;15;0;33;0;0;14;0;7;0;0;0;1;0;1;0;2
59;73;94;25;177;48;0;0;0;0;0;0;59;73;94;25;177;48;0;0;0;1;0;0;1
5;15;37;22;5;45;5;0;0;0;5;0;0;15;37;22;0;45;0;1;0;1;0;0;2
71;27;57;34;106;27;0;27;0;0;0;27;71;0;57;34;106;0;0;0;0;1;0;0;1
81;1;72;30;40;0;0;0;0;0;0;0;81;1;72;30;40;0;0;1;0;1;0;1;3
80;92;57;14;120;92;0;92;0;0;0;92;80;0;57;14;120;0;0;0;0;1;0;0;1
12;24;59;45;18;24;0;24;0;0;0;24;12;0;59;45;18;0;1;0;0;0;1;0;2
31;14;81;8;20;4;0;0;0;0;0;0;31;14;81;8;20;4;1;1;0;1;1;1;5
98;25;1;47;196;12;0;0;0;0;0;0;98;25;1;47;196;12;0;1;1;0;0;1;3
21;41;46;30;21;123;21;0;0;0;21;0;0;41;46;30;0;123;0;0;0;1;0;0;1
10;25;18;22;10;25;10;25;0;0;10;25;0;0;18;22;0;0;0;0;1;1;0;0;2
88;96;33;8;58;192;0;0;0;0;0;0;88;96;33;8;58;192;0;0;1;1;0;0;2
16;85;17;37;8;28;0;0;0;0;0;0;16;85;17;37;8;28;1;0;1;0;1;1;4
31;27;47;41;93;9;0;0;0;0;0;0;31;27;47;41;93;9;1;1;0;0;0;1;3
98;88;12;25;147;88;0;88;0;0;0;88;98;0;12;25;147;0;0;0;1;1;0;0;2
30;8;46;38;90;12;0;0;0;0;0;0;30;8;46;38;90;12;1;1;0;0;0;1;3
57;40;100;14;114;60;0;0;0;0;0;0;57;40;100;14;114;60;0;0;0;1;0;0;1
8;6;79;50;4;9;0;0;0;0;0;0;8;6;79;50;4;9;1;1;0;0;1;1;4
60;5;30;48;60;1;60;0;0;0;60;0;0;5;30;48;0;1;0;1;1;0;0;1;3
41;65;34;27;82;32;0;0;0;0;0;0;41;65;34;27;82;32;0;0;1;1;0;1;3
57;67;3;32;171;44;0;0;0;0;0;0;57;67;3;32;171;44;0;0;1;1;0;0;2
14;97;66;28;28;97;0;97;0;28;28;97;14;0;66;0;0;0;1;0;0;0;0;0;1
22;41;53;8;14;82;0;0;0;0;0;0;22;41;53;8;14;82;1;0;0;1;1;0;3
26;19;54;3;26;57;26;0;0;0;26;0;0;19;54;3;0;57;0;1;0;1;0;0;2
62;57;89;5;41;114;0;0;0;0;0;0;62;57;89;5;41;114;0;0;0;1;0;0;1
15;74;48;14;45;74;0;74;0;0;0;74;15;0;48;14;45;0;1;0;0;1;0;0;2
54;27;42;17;81;18;0;0;0;0;0;0;54;27;42;17;81;18;0;1;0;1;0;1;3
8;94;81;47;2;188;0;0;0;0;0;0;8;94;81;47;2;188;1;0;0;0;1;0;2
88;55;47;1;132;110;0;0;0;0;0;0;88;55;47;1;132;110;0;0;0;1;0;0;1
77;73;88;25;154;109;0;0;0;0;0;0;77;73;88;25;154;109;0;0;0;1;0;0;1
87;25;38;48;130;25;0;25;0;0;0;25;87;0;38;48;130;0;0;0;0;0;0;0;0
85;44;87;29;42;44;0;44;0;0;0;44;85;0;87;29;42;0;0;0;0;1;0;0;1
68;39;88;49;68;39;68;39;0;0;68;39;0;0;88;49;0;0;0;0;0;0;0;0;0
67;63;25;33;67;63;67;63;0;0;67;63;0;0;25;33;0;0;0;0;1;1;0;0;2
91;26;75;15;136;78;0;0;0;0;0;0;91;26;75;15;136;78;0;1;0;1;0;0;2
47;30;8;28;94;30;0;30;0;0;0;30;47;0;8;28;94;0;0;0;1;1;0;0;2
2;67;79;13;2;44;2;0;0;0;2;0;0;67;79;13;0;44;0;0;0;1;0;0;1
100;58;84;50;100;58;100;58;0;0;100;58;0;0;84;50;0;0;0;0;0;0;0;0;0
94;94;38;4;31;188;94;94;0;0;0;0;0;0;38;4;31;188;0;0;0;1;1;0;2
75;87;34;26;50;174;0;0;0;0;0;0;75;87;34;26;50;174;0;0;1;1;0;0;2
82;54;58;18;123;36;0;0;0;0;0;0;82;54;58;18;123;36;0;0;0;1;0;1;2
61;91;1;28;30;45;0;0;0;0;0;0;61;91;1;28;30;45;0;0;1;1;1;0;3
51;6;34;46;51;12;51;0;0;0;51;0;0;6;34;46;0;12;0;1;1;0;0;1;3
2;70;24;16;1;23;0;0;0;0;0;0;2;70;24;16;1;23;1;0;1;1;1;1;5
1;77;61;5;0;51;0;0;0;0;0;0;1;77;61;5;0;51;1;0;0;1;1;0;3
97;45;42;7;97;135;97;0;0;0;97;0;0;45;42;7;0;135;0;0;0;1;0;0;1
52;26;38;25;156;52;52;0;0;0;0;52;0;26;38;25;156;0;0;1;0;1;0;0;2
45;87;77;41;15;87;0;87;0;0;0;87;45;0;77;41;15;0;0;0;0;0;1;0;1
100;47;61;35;200;70;0;0;0;0;0;0;100;47;61;35;200;70;0;0;0;1;0;0;1
70;23;84;44;70;11;70;0;0;0;70;0;0;23;84;44;0;11;0;1;0;0;0;1;2
41;55;50;46;41;36;41;0;0;0;41;0;0;55;50;46;0;36;0;0;0;0;0;1;1
69;74;29;28;69;74;69;74;0;0;69;74;0;0;29;28;0;0;0;0;1;1;0;0;2
1;2;98;23;0;2;0;2;0;0;0;2;1;0;98;23;0;0;1;0;0;1;1;0;3
40;36;30;23;40;54;40;0;0;0;40;0;0;36;30;23;0;54;0;1;1;1;0;0;3
65;42;19;35;43;84;0;0;0;0;0;0;65;42;19;35;43;84;0;0;1;1;0;0;2
30;42;23;40;45;63;0;0;0;0;0;0;30;42;23;40;45;63;1;0;1;0;0;0;2
21;37;64;4;14;12;0;0;0;0;0;0;21;37;64;4;14;12;1;0;0;1;1;1;4
28;70;41;17;28;105;28;0;0;0;28;0;0;70;41;17;0;105;0;0;0;1;0;0;1
95;26;62;28;95;52;95;0;0;0;95;0;0;26;62;28;0;52;0;1;0;1;0;0;2
66;30;42;23;198;10;0;0;0;0;0;0;66;30;42;23;198;10;0;1;0;1;0;1;3
84;94;41;21;28;94;0;94;0;0;0;94;84;0;41;21;28;0;0;0;0;1;1;0;2
47;41;72;17;141;61;0;0;0;0;0;0;47;41;72;17;141;61;0;0;0;1;0;0;1
74;24;33;45;148;16;0;0;0;0;0;0;74;24;33;45;148;16;0;1;1;0;0;1;3
25;52;52;23;37;156;0;52;52;0;0;0;25;0;0;23;37;156;1;0;0;1;0;0;2
37;60;3;44;37;20;37;0;0;0;37;0;0;60;3;44;0;20;0;0;1;0;0;1;2
58;68;39;35;38;34;0;0;0;0;0;0;58;68;39;35;38;34;0;0;0;1;0;1;2
71;77;69;7;71;231;71;0;0;0;71;0;0;77;69;7;0;231;0;0;0;1;0;0;1
58;56;14;28;116;37;0;0;0;0;0;0;58;56;14;28;116;37;0;0;1;1;0;0;2
46;19;8;28;92;38;0;0;0;0;0;0;46;19;8;28;92;38;0;1;1;1;0;0;3
71;86;22;32;213;258;0;0;0;0;0;0;71;86;22;32;213;258;0;0;1;1;0;0;2
87;60;38;27;87;120;87;0;0;0;87;0;0;60;38;27;0;120;0;0;0;1;0;0;1
68;20;82;37;45;20;0;20;0;0;0;20;68;0;82;37;45;0;0;0;0;0;0;0;0
20;43;14;22;20;86;20;0;0;0;20;0;0;43;14;22;0;86;0;0;1;1;0;0;2
99;79;19;1;49;26;0;0;0;0;0;0;99;79;19;1;49;26;0;0;1;1;0;1;3
3;59;84;31;4;39;0;0;0;0;0;0;3;59;84;31;4;39;1;0;0;1;1;0;3
81;21;80;18;81;21;81;21;0;0;81;21;0;0;80;18;0;0;0;0;0;1;0;0;1
3;20;13;16;3;20;3;20;0;0;3;20;0;0;13;16;0;0;0;0;1;1;0;0;2
40;26;83;33;26;78;0;26;0;0;26;0;40;0;83;33;0;78;0;0;0;1;0;0;1
37;66;74;41;37;66;37;66;0;0;37;66;0;0;74;41;0;0;0;0;0;0;0;0;0
77;61;23;12;115;40;0;0;0;0;0;0;77;61;23;12;115;40;0;0;1;1;0;0;2
19;68;34;24;19;34;19;0;34;0;19;34;0;68;0;24;0;0;0;0;0;1;0;0;1
73;35;27;16;219;105;0;0;0;0;0;0;73;35;27;16;219;105;0;1;1;1;0;0;3
94;28;29;49;188;28;0;28;0;0;0;28;94;0;29;49;188;0;0;0;1;0;0;0;1
65;47;94;30;65;47;65;47;0;0;65;47;0;0;94;30;0;0;0;0;0;1;0;0;1
1;70;81;31;3;23;0;0;0;0;0;0;1;70;81;31;3;23;1;0;0;1;1;1;4
92;96;3;3;61;32;0;0;3;3;0;0;92;96;0;0;61;32;0;0;0;0;0;1;1
57;22;69;25;85;33;0;0;0;0;0;0;57;22;69;25;85;33;0;1;0;1;0;1;3
44;76;54;20;44;114;44;0;0;0;44;0;0;76;54;20;0;114;0;0;0;1;0;0;1
100;15;37;33;100;15;100;15;0;0;100;15;0;0;37;33;0;0;0;0;0;1;0;0;1
82;68;28;20;82;68;82;68;0;0;82;68;0;0;28;20;0;0;0;0;1;1;0;0;2
14;31;26;16;9;20;0;0;0;0;0;0;14;31;26;16;9;20;1;1;1;1;1;1;6
40;47;10;48;80;47;0;47;0;0;0;47;40;0;10;48;80;0;0;0;1;0;0;0;1
45;15;54;50;90;15;0;15;0;0;0;15;45;0;54;50;90;0;0;0;0;0;0;0;0
34;24;42;41;22;48;0;0;0;0;0;0;34;24;42;41;22;48;1;1;0;0;1;0;3
26;3;27;7;39;6;0;0;0;0;0;0;26;3;27;7;39;6;1;1;1;1;0;1;5
20;53;59;32;20;79;20;0;0;0;20;0;0;53;59;32;0;79;0;0;0;1;0;0;1
33;64;94;8;33;21;33;0;0;0;33;0;0;64;94;8;0;21;0;0;0;1;0;1;2
51;87;12;39;153;261;0;0;0;0;0;0;51;87;12;39;153;261;0;0;1;0;0;0;1
45;22;94;4;15;22;0;22;0;0;0;22;45;0;94;4;15;0;0;0;0;1;1;0;2
91;91;21;27;91;60;91;91;0;0;91;0;0;0;21;27;0;60;0;0;1;1;0;0;2
5;99;95;25;5;33;5;0;0;0;5;0;0;99;95;25;0;33;0;0;0;1;0;1;2
44;90;60;38;44;30;44;0;0;0;44;0;0;90;60;38;0;30;0;0;0;0;0;1;1
54;83;63;46;54;166;54;0;0;0;54;0;0;83;63;46;0;166;0;0;0;0;0;0;0
29;47;84;50;58;94;0;0;0;0;0;0;29;47;84;50;58;94;1;0;0;0;0;0;1
57;68;68;23;57;204;57;68;68;0;57;0;0;0;0;23;0;204;0;0;0;1;0;0;1
95;76;53;42;285;38;0;0;0;0;0;0;95;76;53;42;285;38;0;0;0;0;0;0;0
78;36;24;48;52;54;0;0;0;0;0;0;78;36;24;48;52;54;0;1;1;0;0;0;2
41;18;28;35;61;18;0;18;0;0;0;18;41;0;28;35;61;0;0;0;1;1;0;0;2
84;62;38;50;42;41;0;0;0;0;0;0;84;62;38;50;42;41;0;0;0;0;0;0;0
17;86;28;20;17;28;17;0;28;0;17;28;0;86;0;20;0;0;0;0;0;1;0;0;1
30;65;89;44;30;43;30;0;0;0;30;0;0;65;89;44;0;43;0;0;0;0;0;0;0
53;62;70;41;106;20;0;0;0;0;0;0;53;62;70;41;106;20;0;0;0;0;0;1;1
39;26;58;22;78;39;39;0;0;0;0;39;0;26;58;22;78;0;0;1;0;1;0;0;2
12;52;72;21;36;26;0;0;0;0;0;0;12;52;72;21;36;26;1;0;0;1;1;1;4
2;92;16;29;2;46;2;0;0;0;2;0;0;92;16;29;0;46;0;0;1;1;0;0;2
78;99;22;44;78;99;78;99;0;0;78;99;0;0;22;44;0;0;0;0;1;0;0;0;1
12;52;82;30;12;156;12;0;0;0;12;0;0;52;82;30;0;156;0;0;0;1;0;0;1
3;17;37;11;3;34;3;0;0;0;3;0;0;17;37;11;0;34;0;1;0;1;0;1;3
31;63;50;8;62;63;0;63;0;0;0;63;31;0;50;8;62;0;1;0;0;1;0;0;2
55;29;34;24;55;29;55;29;0;0;55;29;0;0;34;24;0;0;0;0;1;1;0;0;2
56;99;33;45;56;297;56;0;0;0;56;0;0;99;33;45;0;297;0;0;1;0;0;0;1
17;82;99;42;17;164;17;0;0;0;17;0;0;82;99;42;0;164;0;0;0;0;0;0;0
85;3;56;10;56;4;0;0;56;0;56;0;85;3;0;10;0;4;0;1;0;1;0;1;3
39;97;55;45;26;64;0;0;0;0;0;0;39;97;55;45;26;64;0;0;0;0;1;0;1
92;21;58;19;138;21;0;21;0;0;0;21;92;0;58;19;138;0;0;0;0;1;0;0;1
9;42;75;28;9;84;9;0;0;0;9;0;0;42;75;28;0;84;0;0;0;1;0;0;1
74;44;52;15;37;66;0;0;0;0;0;0;74;44;52;15;37;66;0;0;0;1;0;0;1
100;38;38;23;300;76;0;38;38;0;0;0;100;0;0;23;300;76;0;0;0;1;0;0;1
40;18;76;41;20;18;0;18;0;0;0;18;40;0;76;41;20;0;0;0;0;0;1;0;1
40;49;56;41;120;49;0;49;0;0;0;49;40;0;56;41;120;0;0;0;0;0;0;0;0
90;100;94;32;90;150;90;0;0;0;90;0;0;100;94;32;0;150;0;0;0;1;0;0;1
9;61;11;1;9;61;9;61;0;0;9;61;0;0;11;1;0;0;0;0;1;1;0;0;2
63;75;74;3;31;50;0;0;0;0;0;0;63;75;74;3;31;50;0;0;0;1;1;0;2
59;64;11;24;59;96;59;0;0;0;59;0;0;64;11;24;0;96;0;0;1;1;0;0;2
2;60;87;13;3;20;0;0;0;0;0;0;2;60;87;13;3;20;1;0;0;1;1;1;4
27;61;16;43;27;61;27;61;0;0;27;61;0;0;16;43;0;0;0;0;1;0;0;0;1
49;93;15;9;24;31;0;0;0;0;0;0;49;93;15;9;24;31;0;0;1;1;1;1;4
96;72;46;49;192;72;0;72;0;0;0;72;96;0;46;49;192;0;0;0;0;0;0;0;0
30;69;92;26;45;207;0;0;0;0;0;0;30;69;92;26;45;207;1;0;0;1;0;0;2
63;1;77;9;42;1;0;1;0;0;0;1;63;0;77;9;42;0;0;0;0;1;0;0;1
13;32;97;45;13;48;13;0;0;0;13;0;0;32;97;45;0;48;0;1;0;0;0;0;1
40;90;79;42;40;180;40;0;0;0;40;0;0;90;79;42;0;180;0;0;0;0;0;0;0
10;8;8;28;6;8;0;8;8;0;0;8;10;0;0;28;6;0;1;0;0;1;1;0;3
80;94;92;46;80;94;80;94;0;0;80;94;0;0;92;46;0;0;0;0;0;0;0;0;0
51;83;63;48;51;166;51;0;0;0;51;0;0;83;63;48;0;166;0;0;0;0;0;0;0
4;65;70;20;1;65;0;65;0;0;0;65;4;0;70;20;1;0;1;0;0;1;1;0;3
100;56;42;30;33;56;0;56;0;0;0;56;100;0;42;30;33;0;0;0;0;1;1;0;2
86;66;51;50;43;198;0;0;0;0;0;0;86;66;51;50;43;198;0;0;0;0;0;0;0
34;68;63;15;102;68;0;68;0;0;0;68;34;0;63;15;102;0;1;0;0;1;0;0;2
82;86;37;19;27;43;0;0;0;0;0;0;82;86;37;19;27;43;0;0;0;1;1;0;2
77;18;70;35;115;12;0;0;0;0;0;0;77;18;70;35;115;12;0;1;0;1;0;1;3
97;47;35;7;194;141;0;0;0;0;0;0;97;47;35;7;194;141;0;0;1;1;0;0;2
27;24;62;5;18;36;0;0;0;0;0;0;27;24;62;5;18;36;1;1;0;1;1;1;5
28;25;32;39;84;25;0;25;0;0;0;25;28;0;32;39;84;0;1;0;1;0;0;0;2
83;58;41;45;27;116;0;0;0;0;0;0;83;58;41;45;27;116;0;0;0;0;1;0;1
61;98;45;40;61;98;61;98;0;0;61;98;0;0;45;40;0;0;0;0;0;0;0;0;0
34;20;70;19;22;30;0;0;0;0;0;0;34;20;70;19;22;30;1;1;0;1;1;1;5
59;10;62;21;118;15;0;0;0;0;0;0;59;10;62;21;118;15;0;1;0;1;0;1;3
30;61;55;1;90;20;0;0;0;0;0;0;30;61;55;1;90;20;1;0;0;1;0;1;3
82;81;94;10;164;40;0;0;0;0;0;0;82;81;94;10;164;40;0;0;0;1;0;0;1
7;36;51;7;2;24;7;0;0;7;0;0;0;36;51;0;2;24;0;1;0;0;1;1;3
78;74;44;3;52;222;0;0;0;0;0;0;78;74;44;3;52;222;0;0;0;1;0;0;1
70;97;94;4;70;97;70;97;0;0;70;97;0;0;94;4;0;0;0;0;0;1;0;0;1
21;75;7;36;10;75;0;75;0;0;0;75;21;0;7;36;10;0;1;0;1;1;1;0;4
67;65;39;48;44;65;0;65;0;0;0;65;67;0;39;48;44;0;0;0;0;0;0;0;0
38;27;42;14;19;13;0;0;0;0;0;0;38;27;42;14;19;13;0;1;0;1;1;1;4
19;17;30;8;19;5;19;0;0;0;19;0;0;17;30;8;0;5;0;1;1;1;0;1;4
24;22;75;9;8;44;0;0;0;0;0;0;24;22;75;9;8;44;1;1;0;1;1;0;4
2;31;20;27;1;93;0;0;0;0;0;0;2;31;20;27;1;93;1;1;1;1;1;0;5
71;67;5;21;23;67;0;67;0;0;0;67;71;0;5;21;23;0;0;0;1;1;1;0;3
11;23;76;49;16;23;0;23;0;0;0;23;11;0;76;49;16;0;1;0;0;0;1;0;2
94;21;6;48;141;42;0;0;0;0;0;0;94;21;6;48;141;42;0;1;1;0;0;0;2
67;84;88;49;67;126;67;0;0;0;67;0;0;84;88;49;0;126;0;0;0;0;0;0;0
27;42;53;39;27;28;27;0;0;0;27;0;0;42;53;39;0;28;0;0;0;0;0;1;1
3;33;42;41;4;66;0;0;0;0;0;0;3;33;42;41;4;66;1;1;0;0;1;0;3
66;69;43;20;198;207;0;0;0;0;0;0;66;69;43;20;198;207;0;0;0;1;0;0;1
16;27;17;29;32;27;0;27;0;0;0;27;16;0;17;29;32;0;1;0;1;1;1;0;4
14;39;100;29;7;39;0;39;0;0;0;39;14;0;100;29;7;0;1;0;0;1;1;0;3
82;8;9;38;82;4;82;0;0;0;82;0;0;8;9;38;0;4;0;1;1;0;0;1;3
67;47;36;47;67;31;67;47;0;47;67;0;0;0;36;0;0;31;0;0;1;0;0;1;2
94;84;82;43;31;168;0;0;0;0;0;0;94;84;82;43;31;168;0;0;0;0;1;0;1
58;43;58;4;58;43;58;43;58;0;58;43;0;0;0;4;0;0;0;0;0;1;0;0;1
21;16;85;36;21;8;21;0;0;0;21;0;0;16;85;36;0;8;0;1;0;1;0;1;3
84;74;75;49;42;24;0;0;0;0;0;0;84;74;75;49;42;24;0;0;0;0;0;1;1
15;38;79;12;30;114;0;0;0;0;0;0;15;38;79;12;30;114;1;0;0;1;1;0;3
91;71;77;7;91;71;91;71;0;0;91;71;0;0;77;7;0;0;0;0;0;1;0;0;1
62;84;67;12;62;56;62;0;0;0;62;0;0;84;67;12;0;56;0;0;0;1;0;0;1
84;94;100;27;84;188;84;0;0;0;84;0;0;94;100;27;0;188;0;0;0;1;0;0;1
86;23;83;20;86;23;86;23;0;0;86;23;0;0;83;20;0;0;0;0;0;1;0;0;1
19;95;9;18;38;95;0;95;0;0;0;95;19;0;9;18;38;0;1;0;1;1;0;0;3
95;10;14;20;285;10;0;10;0;0;0;10;95;0;14;20;285;0;0;0;1;1;0;0;2
10;76;7;46;30;50;0;0;0;0;0;0;10;76;7;46;30;50;1;0;1;0;1;0;3
82;56;40;32;82;28;82;0;0;0;82;0;0;56;40;32;0;28;0;0;0;1;0;1;2
78;20;85;10;234;20;0;20;0;0;0;20;78;0;85;10;234;0;0;0;0;1;0;0;1
86;83;24;45;43;83;0;83;0;0;0;83;86;0;24;45;43;0;0;0;1;0;0;0;1
68;57;7;15;34;19;0;0;0;0;0;0;68;57;7;15;34;19;0;0;1;1;1;1;4
54;34;8;11;27;102;0;0;0;0;0;0;54;34;8;11;27;102;0;1;1;1;1;0;4
81;94;97;37;81;62;81;0;0;0;81;0;0;94;97;37;0;62;0;0;0;0;0;0;0
100;73;26;16;300;36;0;0;0;0;0;0;100;73;26;16;300;36;0;0;1;1;0;1;3
1;86;91;17;1;57;1;0;0;0;1;0;0;86;91;17;0;57;0;0;0;1;0;0;1
28;21;13;42;28;14;28;0;0;0;28;0;0;21;13;42;0;14;0;1;1;0;0;1;3
29;65;40;24;9;65;0;65;0;0;0;65;29;0;40;24;9;0;1;0;0;1;1;0;3
38;29;77;27;19;9;0;0;0;0;0;0;38;29;77;27;19;9;0;1;0;1;1;1;4
65;78;45;27;21;52;0;0;0;0;0;0;65;78;45;27;21;52;0;0;0;1;1;0;2
72;90;74;22;72;135;72;0;0;0;72;0;0;90;74;22;0;135;0;0;0;1;0;0;1
39;69;34;8;117;69;0;69;0;0;0;69;39;0;34;8;117;0;0;0;1;1;0;0;2
9;26;51;21;4;52;0;0;0;0;0;0;9;26;51;21;4;52;1;1;0;1;1;0;4
28;32;57;6;18;21;0;0;0;0;0;0;28;32;57;6;18;21;1;1;0;1;1;1;5
38;7;51;35;38;3;38;0;0;0;38;0;0;7;51;35;0;3;0;1;0;1;0;1;3
30;23;41;5;30;23;30;23;0;0;30;23;0;0;41;5;0;0;0;0;0;1;0;0;1
66;93;62;34;66;186;66;0;0;0;66;0;0;93;62;34;0;186;0;0;0;1;0;0;1
84;74;13;42;126;74;0;74;0;0;0;74;84;0;13;42;126;0;0;0;1;0;0;0;1
94;2;61;28;141;4;0;0;0;0;0;0;94;2;61;28;141;4;0;1;0;1;0;1;3
56;5;64;37;37;5;0;5;0;37;37;5;56;0;64;0;0;0;0;0;0;0;0;0;0
56;62;62;46;56;186;56;62;62;0;56;0;0;0;0;46;0;186;0;0;0;0;0;0;0
56;13;83;8;56;13;56;13;0;0;56;13;0;0;83;8;0;0;0;0;0;1;0;0;1
62;28;81;36;62;42;62;0;0;0;62;0;0;28;81;36;0;42;0;1;0;1;0;0;2
45;20;68;23;15;20;0;20;0;0;0;20;45;0;68;23;15;0;0;0;0;1;1;0;2
48;67;88;19;48;22;48;0;0;0;48;0;0;67;88;19;0;22;0;0;0;1;0;1;2
89;36;28;7;59;12;0;0;0;0;0;0;89;36;28;7;59;12;0;1;1;1;0;1;4
31;11;68;15;15;11;0;11;0;15;15;11;31;0;68;0;0;0;1;0;0;0;0;0;1
44;42;65;14;44;21;44;0;0;0;44;0;0;42;65;14;0;21;0;0;0;1;0;1;2
42;70;64;39;42;46;42;0;0;0;42;0;0;70;64;39;0;46;0;0;0;0;0;0;0
65;95;22;41;32;190;0;0;0;0;0;0;65;95;22;41;32;190;0;0;1;0;1;0;2
63;97;13;43;94;194;0;0;0;0;0;0;63;97;13;43;94;194;0;0;1;0;0;0;1
66;92;37;45;66;92;66;92;0;0;66;92;0;0;37;45;0;0;0;0;0;0;0;0;0
98;98;58;21;65;65;98;98;0;0;65;65;0;0;58;21;0;0;0;0;0;1;0;0;1
95;86;23;16;95;57;95;0;0;0;95;0;0;86;23;16;0;57;0;0;1;1;0;0;2
58;46;81;22;87;69;0;0;0;0;0;0;58;46;81;22;87;69;0;0;0;1;0;0;1
90;86;59;1;180;43;0;0;0;0;0;0;90;86;59;1;180;43;0;0;0;1;0;0;1
9;12;70;42;18;12;0;12;0;0;0;12;9;0;70;42;18;0;1;0;0;0;1;0;2
85;1;81;31;42;0;0;0;0;0;0;0;85;1;81;31;42;0;0;1;0;1;0;1;3
84;45;44;36;56;67;0;0;0;0;0;0;84;45;44;36;56;67;0;0;0;1;0;0;1
71;36;85;30;106;72;0;0;0;0;0;0;71;36;85;30;106;72;0;1;0;1;0;0;2
47;32;46;45;141;96;0;0;0;0;0;0;47;32;46;45;141;96;0;1;0;0;0;0;1
99;4;50;29;198;4;0;4;0;0;0;4;99;0;50;29;198;0;0;0;0;1;0;0;1
51;63;16;9;102;63;0;63;0;0;0;63;51;0;16;9;102;0;0;0;1;1;0;0;2
29;14;52;11;43;14;0;14;0;0;0;14;29;0;52;11;43;0;1;0;0;1;0;0;2
9;81;61;17;3;54;0;0;0;0;0;0;9;81;61;17;3;54;1;0;0;1;1;0;3
25;78;24;47;12;78;0;78;0;0;0;78;25;0;24;47;12;0;1;0;1;0;1;0;3
25;31;9;17;25;15;25;0;0;0;25;0;0;31;9;17;0;15;0;1;1;1;0;1;4
18;34;44;32;9;11;0;0;0;0;0;0;18;34;44;32;9;11;1;1;0;1;1;1;5
51;36;45;24;51;54;51;0;0;0;51;0;0;36;45;24;0;54;0;1;0;1;0;0;2
32;92;27;34;32;30;32;0;0;0;32;0;0;92;27;34;0;30;0;0;1;1;0;1;3
49;10;12;29;32;10;0;10;0;0;0;10;49;0;12;29;32;0;0;0;1;1;1;0;3
24;93;27;27;16;279;0;0;27;27;0;0;24;93;0;0;16;279;1;0;0;0;1;0;2
46;45;49;31;30;30;0;0;0;0;30;30;46;45;49;31;0;0;0;0;0;1;0;0;1
41;96;73;23;82;32;0;0;0;0;0;0;41;96;73;23;82;32;0;0;0;1;0;1;2
3;31;87;25;3;20;3;0;0;0;3;0;0;31;87;25;0;20;0;1;0;1;0;1;3
95;66;67;7;95;22;95;0;0;0;95;0;0;66;67;7;0;22;0;0;0;1;0;1;2
32;53;78;9;16;53;0;53;0;0;0;53;32;0;78;9;16;0;1;0;0;1;1;0;3
65;59;81;9;65;59;65;59;0;0;65;59;0;0;81;9;0;0;0;0;0;1;0;0;1
69;64;3;42;207;42;0;0;0;42;0;42;69;64;3;0;207;0;0;0;1;0;0;0;1
24;27;80;30;24;18;24;0;0;0;24;0;0;27;80;30;0;18;0;1;0;1;0;1;3
40;82;35;28;60;27;0;0;0;0;0;0;40;82;35;28;60;27;0;0;1;1;0;1;3
65;45;22;48;21;45;0;45;0;0;0;45;65;0;22;48;21;0;0;0;1;0;1;0;2
42;63;63;49;28;94;0;63;63;0;0;0;42;0;0;49;28;94;0;0;0;0;1;0;1
70;29;9;24;46;29;0;29;0;0;0;29;70;0;9;24;46;0;0;0;1;1;0;0;2
88;58;89;25;132;87;0;0;0;0;0;0;88;58;89;25;132;87;0;0;0;1;0;0;1
51;18;8;4;76;36;0;0;0;0;0;0;51;18;8;4;76;36;0;1;1;1;0;1;4
40;29;97;14;40;29;40;29;0;0;40;29;0;0;97;14;0;0;0;0;0;1;0;0;1
59;98;95;10;59;32;59;0;0;0;59;0;0;98;95;10;0;32;0;0;0;1;0;1;2
25;14;75;20;25;14;25;14;0;0;25;14;0;0;75;20;0;0;0;0;0;1;0;0;1
71;31;9;32;213;15;0;0;0;0;0;0;71;31;9;32;213;15;0;1;1;1;0;1;4
4;89;79;47;12;89;0;89;0;0;0;89;4;0;79;47;12;0;1;0;0;0;1;0;2
12;16;51;39;12;32;12;0;0;0;12;0;0;16;51;39;0;32;0;1;0;0;0;1;2
48;4;42;16;96;4;0;4;0;0;0;4;48;0;42;16;96;0;0;0;0;1;0;0;1
22;5;20;5;66;5;0;5;0;5;0;5;22;0;20;0;66;0;1;0;1;0;0;0;2
91;74;47;13;182;74;0;74;0;0;0;74;91;0;47;13;182;0;0;0;0;1;0;0;1
86;88;76;37;43;132;0;0;0;0;0;0;86;88;76;37;43;132;0;0;0;0;0;0;0
69;94;31;21;69;47;69;0;0;0;69;0;0;94;31;21;0;47;0;0;1;1;0;0;2
33;24;89;46;99;8;0;0;0;0;0;0;33;24;89;46;99;8;1;1;0;0;0;1;3
10;73;32;16;5;36;0;0;0;0;0;0;10;73;32;16;5;36;1;0;1;1;1;1;5
30;43;25;10;20;43;0;43;0;0;0;43;30;0;25;10;20;0;1;0;1;1;1;0;4
41;1;87;2;123;1;0;1;0;0;0;1;41;0;87;2;123;0;0;0;0;1;0;0;1
64;83;27;25;192;55;0;0;0;0;0;0;64;83;27;25;192;55;0;0;1;1;0;0;2
12;59;87;49;18;177;0;0;0;0;0;0;12;59;87;49;18;177;1;0;0;0;1;0;2
90;7;57;50;180;7;0;7;0;0;0;7;90;0;57;50;180;0;0;0;0;0;0;0;0
4;3;10;43;2;3;0;3;0;0;0;3;4;0;10;43;2;0;1;0;1;0;1;0;3
82;70;38;47;82;210;82;0;0;0;82;0;0;70;38;47;0;210;0;0;0;0;0;0;0
18;50;63;39;27;16;0;0;0;0;0;0;18;50;63;39;27;16;1;0;0;0;1;1;3
24;94;8;17;72;94;0;94;0;0;0;94;24;0;8;17;72;0;1;0;1;1;0;0;3
95;34;17;21;63;17;0;0;17;0;0;17;95;34;0;21;63;0;0;1;0;1;0;0;2
39;58;22;21;19;87;0;0;0;0;0;0;39;58;22;21;19;87;0;0;1;1;1;0;3
92;36;41;18;138;54;0;0;0;0;0;0;92;36;41;18;138;54;0;1;0;1;0;0;2
26;29;1;6;26;87;26;0;0;0;26;0;0;29;1;6;0;87;0;1;1;1;0;0;3
83;8;79;8;124;2;0;8;0;8;0;0;83;0;79;0;124;2;0;0;0;0;0;1;1
93;19;17;12;31;9;0;0;0;0;0;0;93;19;17;12;31;9;0;1;1;1;1;1;5
41;88;24;24;41;132;41;0;24;24;41;0;0;88;0;0;0;132;0;0;0;0;0;0;0
26;8;34;6;8;24;0;8;0;0;8;0;26;0;34;6;0;24;1;0;1;1;0;1;4
8;22;88;44;16;22;0;22;0;0;0;22;8;0;88;44;16;0;1;0;0;0;1;0;2
67;79;30;34;67;52;67;0;0;0;67;0;0;79;30;34;0;52;0;0;1;1;0;0;2
15;87;74;37;7;174;0;0;0;0;0;0;15;87;74;37;7;174;1;0;0;0;1;0;2
68;95;8;13;136;95;0;95;0;0;0;95;68;0;8;13;136;0;0;0;1;1;0;0;2
18;97;48;44;18;291;18;0;0;0;18;0;0;97;48;44;0;291;0;0;0;0;0;0;0
19;51;32;50;19;17;19;0;0;0;19;0;0;51;32;50;0;17;0;0;1;0;0;1;2
25;96;30;48;50;288;0;0;0;0;0;0;25;96;30;48;50;288;1;0;1;0;0;0;2
95;81;79;38;63;27;0;0;0;0;0;0;95;81;79;38;63;27;0;0;0;0;0;1;1
54;59;17;33;54;118;54;0;0;0;54;0;0;59;17;33;0;118;0;0;1;1;0;0;2
70;44;20;27;210;22;0;0;0;0;0;0;70;44;20;27;210;22;0;0;1;1;0;1;3
78;1;10;32;26;3;0;0;0;0;0;0;78;1;10;32;26;3;0;1;1;1;1;1;5
52;90;83;50;156;30;0;0;0;0;0;0;52;90;83;50;156;30;0;0;0;0;0;1;1
83;41;40;43;166;41;0;41;0;0;0;41;83;0;40;43;166;0;0;0;0;0;0;0;0
56;52;17;33;168;104;0;0;0;0;0;0;56;52;17;33;168;104;0;0;1;1;0;0;2
93;5;33;39;186;10;0;0;0;0;0;0;93;5;33;39;186;10;0;1;1;0;0;1;3
57;31;88;19;28;31;0;31;0;0;0;31;57;0;88;19;28;0;0;0;0;1;1;0;2
66;24;2;41;33;48;0;0;0;0;0;0;66;24;2;41;33;48;0;1;1;0;1;0;3
8;70;64;5;8;23;8;0;0;0;8;0;0;70;64;5;0;23;0;0;0;1;0;1;2
10;81;71;35;3;243;0;0;0;0;0;0;10;81;71;35;3;243;1;0;0;1;1;0;3
11;30;88;45;11;10;11;0;0;0;11;0;0;30;88;45;0;10;0;1;0;0;0;1;2
83;99;10;44;83;66;83;0;0;0;83;0;0;99;10;44;0;66;0;0;1;0;0;0;1
45;62;2;41;45;62;45;62;0;0;45;62;0;0;2;41;0;0;0;0;1;0;0;0;1
44;9;30;2;44;3;44;0;0;0;44;0;0;9;30;2;0;3;0;1;1;1;0;1;4
17;43;8;35;25;43;0;43;0;0;0;43;17;0;8;35;25;0;1;0;1;1;1;0;4
79;79;66;43;237;118;79;79;0;0;0;0;0;0;66;43;237;118;0;0;0;0;0;0;0
89;30;64;25;89;90;89;0;0;0;89;0;0;30;64;25;0;90;0;1;0;1;0;0;2
51;14;37;10;76;42;0;0;0;0;0;0;51;14;37;10;76;42;0;1;0;1;0;0;2
99;93;96;11;148;93;0;93;0;0;0;93;99;0;96;11;148;0;0;0;0;1;0;0;1
32;48;29;6;96;96;0;0;0;0;96;96;32;48;29;6;0;0;1;0;1;1;0;0;3
6;6;82;12;9;18;6;6;0;0;0;0;0;0;82;12;9;18;0;0;0;1;1;1;3
50;28;86;49;25;28;0;28;0;0;0;28;50;0;86;49;25;0;0;0;0;0;1;0;1
68;89;85;46;22;44;0;0;0;0;0;0;68;89;85;46;22;44;0;0;0;0;1;0;1
8;4;38;25;5;8;8;0;0;0;0;8;0;4;38;25;5;0;0;1;0;1;1;0;3
87;55;17;5;174;27;0;0;0;0;0;0;87;55;17;5;174;27;0;0;1;1;0;1;3
76;55;5;44;50;165;0;0;0;0;0;0;76;55;5;44;50;165;0;0;1;0;0;0;1
34;87;88;28;34;87;34;87;0;0;34;87;0;0;88;28;0;0;0;0;0;1;0;0;1
75;22;47;17;37;7;0;0;0;0;0;0;75;22;47;17;37;7;0;1;0;1;0;1;3
92;37;99;31;92;74;92;0;0;0;92;0;0;37;99;31;0;74;0;0;0;1;0;0;1
91;94;32;31;182;31;0;0;0;31;0;31;91;94;32;0;182;0;0;0;1;0;0;0;1
63;60;52;28;31;90;0;0;0;0;0;0;63;60;52;28;31;90;0;0;0;1;1;0;2
50;83;83;33;25;166;0;83;83;0;0;0;50;0;0;33;25;166;0;0;0;1;1;0;2
20;27;4;7;20;27;20;27;0;0;20;27;0;0;4;7;0;0;0;0;1;1;0;0;2
38;83;96;47;25;83;0;83;0;0;0;83;38;0;96;47;25;0;0;0;0;0;1;0;1
77;92;81;48;231;61;0;0;0;0;0;0;77;92;81;48;231;61;0;0;0;0;0;0;0
86;15;47;29;43;45;0;0;0;0;0;0;86;15;47;29;43;45;0;1;0;1;0;0;2
10;12;63;46;15;36;0;0;0;0;0;0;10;12;63;46;15;36;1;1;0;0;1;1;4
79;16;51;13;79;16;79;16;0;0;79;16;0;0;51;13;0;0;0;0;0;1;0;0;1
68;90;75;17;136;90;0;90;0;0;0;90;68;0;75;17;136;0;0;0;0;1;0;0;1
84;93;29;1;56;93;0;93;0;0;0;93;84;0;29;1;56;0;0;0;1;1;0;0;2
56;40;27;44;56;13;56;0;0;0;56;0;0;40;27;44;0;13;0;0;1;0;0;1;2
100;45;88;10;200;45;0;45;0;0;0;45;100;0;88;10;200;0;0;0;0;1;0;0;1
71;42;90;15;47;63;0;0;0;0;0;0;71;42;90;15;47;63;0;0;0;1;0;0;1
88;66;66;41;88;66;88;66;66;0;88;66;0;0;0;41;0;0;0;0;0;0;0;0;0
53;86;64;27;53;43;53;0;0;0;53;0;0;86;64;27;0;43;0;0;0;1;0;0;1
34;98;9;11;51;196;0;0;0;0;0;0;34;98;9;11;51;196;1;0;1;1;0;0;3
84;92;21;30;252;276;0;0;0;0;0;0;84;92;21;30;252;276;0;0;1;1;0;0;2
61;37;51;37;20;111;0;37;0;37;0;0;61;0;51;0;20;111;0;0;0;0;1;0;1
82;2;74;19;123;2;0;2;0;0;0;2;82;0;74;19;123;0;0;0;0;1;0;0;1
25;63;67;8;25;31;25;0;0;0;25;0;0;63;67;8;0;31;0;0;0;1;0;1;2
57;41;7;42;57;61;57;0;0;0;57;0;0;41;7;42;0;61;0;0;1;0;0;0;1
13;48;90;16;13;32;13;0;0;0;13;0;0;48;90;16;0;32;0;0;0;1;0;1;2
62;85;67;32;62;85;62;85;0;0;62;85;0;0;67;32;0;0;0;0;0;1;0;0;1
10;75;51;33;10;225;10;0;0;0;10;0;0;75;51;33;0;225;0;0;0;1;0;0;1
16;20;8;28;16;60;16;0;0;0;16;0;0;20;8;28;0;60;0;1;1;1;0;0;3
58;24;82;16;58;24;58;24;0;0;58;24;0;0;82;16;0;0;0;0;0;1;0;0;1
89;66;66;48;44;44;0;66;66;0;44;44;89;0;0;48;0;0;0;0;0;0;0;0;0
42;5;51;33;42;3;42;0;0;0;42;0;0;5;51;33;0;3;0;1;0;1;0;1;3
55;38;81;45;55;19;55;0;0;0;55;0;0;38;81;45;0;19;0;0;0;0;0;1;1
30;38;54;17;60;114;0;0;0;0;0;0;30;38;54;17;60;114;1;0;0;1;0;0;2
12;24;12;19;24;24;12;24;12;0;24;24;0;0;0;19;0;0;0;0;0;1;0;0;1
10;98;99;50;10;49;10;0;0;0;10;0;0;98;99;50;0;49;0;0;0;0;0;0;0
12;72;47;36;12;36;12;0;0;36;12;36;0;72;47;0;0;0;0;0;0;0;0;0;0
33;29;33;33;99;14;33;0;33;33;0;0;0;29;0;0;99;14;0;1;0;0;0;1;2
84;99;59;12;42;99;0;99;0;0;0;99;84;0;59;12;42;0;0;0;0;1;0;0;1
17;5;18;35;8;5;0;5;0;0;0;5;17;0;18;35;8;0;1;0;1;1;1;0;4
80;57;58;2;40;171;0;0;0;0;0;0;80;57;58;2;40;171;0;0;0;1;0;0;1
81;84;20;49;54;126;0;0;0;0;0;0;81;84;20;49;54;126;0;0;1;0;0;0;1
43;48;15;20;43;144;43;0;0;0;43;0;0;48;15;20;0;144;0;0;1;1;0;0;2
88;63;60;46;264;189;0;0;0;0;0;0;88;63;60;46;264;189;0;0;0;0;0;0;0
87;91;85;39;130;60;0;0;0;0;0;0;87;91;85;39;130;60;0;0;0;0;0;0;0
68;54;55;49;68;162;68;0;0;0;68;0;0;54;55;49;0;162;0;0;0;0;0;0;0
2;90;97;6;1;60;0;0;0;0;0;0;2;90;97;6;1;60;1;0;0;1;1;0;3
88;70;91;42;44;46;0;0;0;0;0;0;88;70;91;42;44;46;0;0;0;0;0;0;0
35;54;77;47;17;36;0;0;0;0;0;0;35;54;77;47;17;36;1;0;0;0;1;1;3
42;84;22;17;28;168;0;0;0;0;0;0;42;84;22;17;28;168;0;0;1;1;1;0;3
50;63;4;20;150;63;0;63;0;0;0;63;50;0;4;20;150;0;0;0;1;1;0;0;2
18;44;46;5;18;66;18;0;0;0;18;0;0;44;46;5;0;66;0;0;0;1;0;0;1
24;26;93;10;72;17;0;0;0;0;0;0;24;26;93;10;72;17;1;1;0;1;0;1;4
24;37;94;20;24;18;24;0;0;0;24;0;0;37;94;20;0;18;0;0;0;1;0;1;2
88;93;28;40;44;93;0;93;0;0;0;93;88;0;28;40;44;0;0;0;1;0;0;0;1
38;90;53;42;38;60;38;0;0;0;38;0;0;90;53;42;0;60;0;0;0;0;0;0;0
52;34;18;29;52;51;52;0;0;0;52;0;0;34;18;29;0;51;0;1;1;1;0;0;3
100;86;5;50;66;172;0;0;0;0;0;0;100;86;5;50;66;172;0;0;1;0;0;0;1
67;28;38;27;22;18;0;0;0;0;0;0;67;28;38;27;22;18;0;1;0;1;1;1;4
50;26;39;36;16;13;0;0;0;0;0;0;50;26;39;36;16;13;0;1;0;1;1;1;4
50;80;67;31;100;80;0;80;0;0;0;80;50;0;67;31;100;0;0;0;0;1;0;0;1
30;60;59;3;20;40;0;0;0;0;0;0;30;60;59;3;20;40;1;0;0;1;1;0;3
87;18;5;34;87;6;87;0;0;0;87;0;0;18;5;34;0;6;0;1;1;1;0;1;4
99;85;70;28;49;170;0;0;0;0;0;0;99;85;70;28;49;170;0;0;0;1;0;0;1
14;69;31;30;21;138;0;0;0;0;0;0;14;69;31;30;21;138;1;0;1;1;1;0;4
10;21;86;17;10;31;10;0;0;0;10;0;0;21;86;17;0;31;0;1;0;1;0;1;3
5;58;48;34;2;29;0;0;0;0;0;0;5;58;48;34;2;29;1;0;0;1;1;1;4
59;63;50;25;29;94;0;0;0;0;0;0;59;63;50;25;29;94;0;0;0;1;1;0;2
13;100;17;21;26;200;0;0;0;0;0;0;13;100;17;21;26;200;1;0;1;1;1;0;4
21;87;81;10;42;174;0;0;0;0;0;0;21;87;81;10;42;174;1;0;0;1;0;0;2
72;70;77;5;108;105;0;0;0;0;0;0;72;70;77;5;108;105;0;0;0;1;0;0;1
69;62;27;2;34;20;0;0;0;0;0;0;69;62;27;2;34;20;0;0;1;1;1;1;4
86;92;86;26;172;92;86;92;86;0;0;92;0;0;0;26;172;0;0;0;0;1;0;0;1
96;80;79;18;48;160;0;0;0;0;0;0;96;80;79;18;48;160;0;0;0;1;0;0;1
44;12;45;40;132;24;0;0;0;0;0;0;44;12;45;40;132;24;0;1;0;0;0;1;2
54;54;34;12;81;54;54;54;0;0;0;54;0;0;34;12;81;0;0;0;1;1;0;0;2
71;78;46;27;71;117;71;0;0;0;71;0;0;78;46;27;0;117;0;0;0;1;0;0;1
92;52;8;19;46;17;0;0;0;0;0;0;92;52;8;19;46;17;0;0;1;1;0;1;3
30;22;81;25;10;7;0;0;0;0;0;0;30;22;81;25;10;7;1;1;0;1;1;1;5
52;11;43;10;34;33;0;0;0;0;0;0;52;11;43;10;34;33;0;1;0;1;1;1;4
10;1;66;9;3;1;0;1;0;0;0;1;10;0;66;9;3;0;1;0;0;1;1;0;3
83;84;76;31;166;168;0;0;0;0;0;0;83;84;76;31;166;168;0;0;0;1;0;0;1
79;24;46;33;79;24;79;24;0;0;79;24;0;0;46;33;0;0;0;0;0;1;0;0;1
13;73;29;22;8;109;0;0;0;0;0;0;13;73;29;22;8;109;1;0;1;1;1;0;4
67;24;29;42;134;16;0;0;0;0;0;0;67;24;29;42;134;16;0;1;1;0;0;1;3
55;57;48;8;55;19;55;0;0;0;55;0;0;57;48;8;0;19;0;0;0;1;0;1;2
85;9;6;15;28;18;0;0;0;0;0;0;85;9;6;15;28;18;0;1;1;1;1;1;5
83;89;46;5;27;89;0;89;0;0;0;89;83;0;46;5;27;0;0;0;0;1;1;0;2
37;40;60;9;37;26;37;0;0;0;37;0;0;40;60;9;0;26;0;0;0;1;0;1;2
25;14;5;21;8;42;0;0;0;0;0;0;25;14;5;21;8;42;1;1;1;1;1;0;5
35;33;61;3;17;33;0;33;0;0;0;33;35;0;61;3;17;0;1;0;0;1;1;0;3
28;93;94;42;28;62;28;0;0;0;28;0;0;93;94;42;0;62;0;0;0;0;0;0;0
40;34;58;43;40;34;40;34;0;0;40;34;0;0;58;43;0;0;0;0;0;0;0;0;0
89;47;90;32;267;70;0;0;0;0;0;0;89;47;90;32;267;70;0;0;0;1;0;0;1
90;40;72;34;60;40;0;40;0;0;0;40;90;0;72;34;60;0;0;0;0;1;0;0;1
76;93;5;47;152;93;0;93;0;0;0;93;76;0;5;47;152;0;0;0;1;0;0;0;1
29;37;70;4;9;74;0;0;0;0;0;0;29;37;70;4;9;74;1;0;0;1;1;0;3
20;15;48;34;30;10;0;0;0;0;0;0;20;15;48;34;30;10;1;1;0;1;1;1;5
74;18;41;2;24;54;0;0;0;0;0;0;74;18;41;2;24;54;0;1;0;1;1;0;3
100;89;66;38;200;89;0;89;0;0;0;89;100;0;66;38;200;0;0;0;0;0;0;0;0
15;84;98;12;10;28;0;0;0;0;0;0;15;84;98;12;10;28;1;0;0;1;1;1;4
70;67;46;11;140;134;0;0;0;0;0;0;70;67;46;11;140;134;0;0;0;1;0;0;1
40;68;67;43;40;45;40;0;0;0;40;0;0;68;67;43;0;45;0;0;0;0;0;0;0
28;85;62;21;42;255;0;0;0;0;0;0;28;85;62;21;42;255;1;0;0;1;0;0;2
50;81;16;33;33;81;0;81;0;33;33;81;50;0;16;0;0;0;0;0;1;0;0;0;1
72;82;54;34;216;246;0;0;0;0;0;0;72;82;54;34;216;246;0;0;0;1;0;0;1
34;62;24;1;34;62;34;62;0;0;34;62;0;0;24;1;0;0;0;0;1;1;0;0;2
40;75;11;4;26;50;0;0;0;0;0;0;40;75;11;4;26;50;0;0;1;1;1;0;3
84;57;36;11;56;85;0;0;0;0;0;0;84;57;36;11;56;85;0;0;1;1;0;0;2
43;47;2;41;43;70;43;0;0;0;43;0;0;47;2;41;0;70;0;0;1;0;0;0;1
5;42;10;29;2;21;0;0;0;0;0;0;5;42;10;29;2;21;1;0;1;1;1;1;5
96;37;92;20;288;37;0;37;0;0;0;37;96;0;92;20;288;0;0;0;0;1;0;0;1
9;7;20;49;9;7;9;7;0;0;9;7;0;0;20;49;0;0;0;0;1;0;0;0;1
14;56;82;7;42;18;0;0;0;0;0;0;14;56;82;7;42;18;1;0;0;1;0;1;3
41;13;27;40;20;4;0;0;0;0;0;0;41;13;27;40;20;4;0;1;1;0;1;1;4
85;95;67;26;127;190;0;0;0;0;0;0;85;95;67;26;127;190;0;0;0;1;0;0;1
97;24;65;50;145;24;0;24;0;0;0;24;97;0;65;50;145;0;0;0;0;0;0;0;0
85;11;14;17;42;3;0;0;0;0;0;0;85;11;14;17;42;3;0;1;1;1;0;1;4
25;90;46;48;37;90;0;90;0;0;0;90;25;0;46;48;37;0;1;0;0;0;0;0;1
39;10;93;35;26;15;0;0;0;0;0;0;39;10;93;35;26;15;0;1;0;1;1;1;4
1;10;69;32;1;6;1;0;0;0;1;0;0;10;69;32;0;6;0;1;0;1;0;1;3
77;61;22;18;154;61;0;61;0;0;0;61;77;0;22;18;154;0;0;0;1;1;0;0;2
65;91;98;38;130;91;0;91;0;0;0;91;65;0;98;38;130;0;0;0;0;0;0;0;0
54;92;38;16;36;92;0;92;0;0;0;92;54;0;38;16;36;0;0;0;0;1;1;0;2
96;72;88;15;64;216;0;0;0;0;0;0;96;72;88;15;64;216;0;0;0;1;0;0;1
70;98;96;50;70;196;70;0;0;0;70;0;0;98;96;50;0;196;0;0;0;0;0;0;0
55;79;16;16;55;26;55;0;16;16;55;0;0;79;0;0;0;26;0;0;0;0;0;1;1
21;40;86;40;21;60;21;40;0;40;21;0;0;0;86;0;0;60;0;0;0;0;0;0;0
85;28;4;21;85;42;85;0;0;0;85;0;0;28;4;21;0;42;0;1;1;1;0;0;3
25;44;25;48;25;22;25;0;25;0;25;0;0;44;0;48;0;22;0;0;0;0;0;1;1
69;72;55;21;34;24;0;0;0;0;0;0;69;72;55;21;34;24;0;0;0;1;1;1;3
61;66;98;15;30;132;0;0;0;0;0;0;61;66;98;15;30;132;0;0;0;1;1;0;2
83;36;94;46;83;108;83;0;0;0;83;0;0;36;94;46;0;108;0;1;0;0;0;0;1
81;78;16;21;40;234;0;0;0;0;0;0;81;78;16;21;40;234;0;0;1;1;0;0;2
88;75;65;30;88;112;88;0;0;0;88;0;0;75;65;30;0;112;0;0;0;1;0;0;1
42;82;13;4;42;54;42;0;0;0;42;0;0;82;13;4;0;54;0;0;1;1;0;0;2
65;90;45;49;65;30;65;0;0;0;65;0;0;90;45;49;0;30;0;0;0;0;0;1;1
83;57;59;6;83;171;83;0;0;0;83;0;0;57;59;6;0;171;0;0;0;1;0;0;1
21;12;21;30;42;12;21;12;21;0;0;12;0;0;0;30;42;0;0;0;0;1;0;0;1
90;100;35;32;60;150;0;0;0;0;0;0;90;100;35;32;60;150;0;0;1;1;0;0;2
97;37;74;9;97;12;97;0;0;0;97;0;0;37;74;9;0;12;0;0;0;1;0;1;2
80;73;28;47;40;24;0;0;0;0;0;0;80;73;28;47;40;24;0;0;1;0;0;1;2
16;58;92;35;5;58;0;58;0;0;0;58;16;0;92;35;5;0;1;0;0;1;1;0;3
57;26;80;4;57;26;57;26;0;0;57;26;0;0;80;4;0;0;0;0;0;1;0;0;1
12;14;99;43;36;21;0;0;0;0;0;0;12;14;99;43;36;21;1;1;0;0;1;1;4
37;95;8;32;12;190;0;0;0;0;0;0;37;95;8;32;12;190;0;0;1;1;1;0;3
93;37;64;35;31;37;0;37;0;0;0;37;93;0;64;35;31;0;0;0;0;1;1;0;2
90;17;76;23;135;11;0;0;0;0;0;0;90;17;76;23;135;11;0;1;0;1;0;1;3
33;9;100;43;33;4;33;0;0;0;33;0;0;9;100;43;0;4;0;1;0;0;0;1;2
70;10;7;1;210;10;0;10;0;0;0;10;70;0;7;1;210;0;0;0;1;1;0;0;2
11;97;77;47;16;194;0;0;0;0;0;0;11;97;77;47;16;194;1;0;0;0;1;0;2
39;86;72;2;13;57;0;0;0;0;0;0;39;86;72;2;13;57;0;0;0;1;1;0;2
66;79;80;23;66;79;66;79;0;0;66;79;0;0;80;23;0;0;0;0;0;1;0;0;1
50;18;35;8;33;27;0;0;0;0;0;0;50;18;35;8;33;27;0;1;1;1;1;1;5
15;29;62;50;15;29;15;29;0;0;15;29;0;0;62;50;0;0;0;0;0;0;0;0;0
8;83;35;37;5;124;0;0;0;0;0;0;8;83;35;37;5;124;1;0;1;0;1;0;3
12;32;2;47;24;21;0;0;0;0;0;0;12;32;2;47;24;21;1;1;1;0;1;1;5
74;60;6;28;148;20;0;0;0;0;0;0;74;60;6;28;148;20;0;0;1;1;0;1;3
42;50;37;33;28;33;0;0;0;33;0;33;42;50;37;0;28;0;0;0;0;0;1;0;1
71;79;36;14;71;158;71;0;0;0;71;0;0;79;36;14;0;158;0;0;1;1;0;0;2
88;69;95;22;44;138;0;0;0;0;0;0;88;69;95;22;44;138;0;0;0;1;0;0;1
100;60;11;41;50;120;0;0;0;0;0;0;100;60;11;41;50;120;0;0;1;0;0;0;1
55;72;74;47;55;72;55;72;0;0;55;72;0;0;74;47;0;0;0;0;0;0;0;0;0
45;67;8;29;45;33;45;0;0;0;45;0;0;67;8;29;0;33;0;0;1;1;0;1;3
71;31;99;12;35;93;0;0;0;0;0;0;71;31;99;12;35;93;0;1;0;1;1;0;3
37;56;96;29;18;168;0;0;0;0;0;0;37;56;96;29;18;168;0;0;0;1;1;0;2
25;11;57;48;25;33;25;0;0;0;25;0;0;11;57;48;0;33;0;1;0;0;0;1;2
54;66;89;8;18;66;0;66;0;0;0;66;54;0;89;8;18;0;0;0;0;1;1;0;2
74;25;94;31;37;8;0;0;0;0;0;0;74;25;94;31;37;8;0;1;0;1;0;1;3
33;16;20;28;33;16;33;16;0;0;33;16;0;0;20;28;0;0;0;0;1;1;0;0;2
74;33;75;29;111;99;0;0;0;0;0;0;74;33;75;29;111;99;0;1;0;1;0;0;2
44;20;57;47;88;20;0;20;0;0;0;20;44;0;57;47;88;0;0;0;0;0;0;0;0
72;9;37;6;108;27;0;0;0;0;0;0;72;9;37;6;108;27;0;1;0;1;0;1;3
87;58;85;20;261;19;0;0;0;0;0;0;87;58;85;20;261;19;0;0;0;1;0;1;2
68;51;57;28;34;34;0;0;0;0;34;34;68;51;57;28;0;0;0;0;0;1;0;0;1
2;45;97;25;3;45;0;45;0;0;0;45;2;0;97;25;3;0;1;0;0;1;1;0;3
65;81;68;32;21;81;0;81;0;0;0;81;65;0;68;32;21;0;0;0;0;1;1;0;2
52;3;66;8;52;2;52;0;0;0;52;0;0;3;66;8;0;2;0;1;0;1;0;1;3
13;57;62;41;39;28;0;0;0;0;0;0;13;57;62;41;39;28;1;0;0;0;0;1;2
82;28;88;26;27;9;0;0;0;0;0;0;82;28;88;26;27;9;0;1;0;1;1;1;4
75;92;9;18;75;276;75;0;0;0;75;0;0;92;9;18;0;276;0;0;1;1;0;0;2
64;45;4;41;21;135;0;0;0;0;0;0;64;45;4;41;21;135;0;0;1;0;1;0;2
23;7;9;29;23;7;23;7;0;0;23;7;0;0;9;29;0;0;0;0;1;1;0;0;2
46;71;9;31;15;23;0;0;0;0;0;0;46;71;9;31;15;23;0;0;1;1;1;1;4
87;80;30;47;87;26;87;0;0;0;87;0;0;80;30;47;0;26;0;0;1;0;0;1;2
72;90;54;8;216;90;0;90;0;0;0;90;72;0;54;8;216;0;0;0;0;1;0;0;1
28;94;81;48;9;141;0;0;0;0;0;0;28;94;81;48;9;141;1;0;0;0;1;0;2
62;98;30;24;93;147;0;0;0;0;0;0;62;98;30;24;93;147;0;0;1;1;0;0;2
58;35;23;1;116;17;0;0;0;0;0;0;58;35;23;1;116;17;0;1;1;1;0;1;4
53;17;33;41;53;51;53;0;0;0;53;0;0;17;33;41;0;51;0;1;1;0;0;0;2
46;41;33;34;46;41;46;41;0;0;46;41;0;0;33;34;0;0;0;0;1;1;0;0;2
47;11;16;12;47;11;47;11;0;0;47;11;0;0;16;12;0;0;0;0;1;1;0;0;2
18;9;30;35;54;9;0;9;0;0;0;9;18;0;30;35;54;0;1;0;1;1;0;0;3
67;3;50;23;134;1;0;0;0;0;0;0;67;3;50;23;134;1;0;1;0;1;0;1;3
56;8;3;37;112;8;0;8;0;0;0;8;56;0;3;37;112;0;0;0;1;0;0;0;1
69;30;91;30;46;10;0;30;0;30;0;0;69;0;91;0;46;10;0;0;0;0;0;1;1
29;84;76;12;29;42;29;0;0;0;29;0;0;84;76;12;0;42;0;0;0;1;0;0;1
5;53;50;22;5;35;5;0;0;0;5;0;0;53;50;22;0;35;0;0;0;1;0;1;2
20;58;3;2;20;38;20;0;0;0;20;0;0;58;3;2;0;38;0;0;1;1;0;0;2
99;29;12;34;99;43;99;0;0;0;99;0;0;29;12;34;0;43;0;1;1;1;0;0;3
11;25;89;37;22;8;0;0;0;0;0;0;11;25;89;37;22;8;1;1;0;0;1;1;4
68;93;28;46;102;62;0;0;0;0;0;0;68;93;28;46;102;62;0;0;1;0;0;0;1
33;59;72;16;99;118;0;0;0;0;0;0;33;59;72;16;99;118;1;0;0;1;0;0;2
71;50;14;37;71;50;71;50;0;0;71;50;0;0;14;37;0;0;0;0;1;0;0;0;1
23;92;50;26;23;138;23;0;0;0;23;0;0;92;50;26;0;138;0;0;0;1;0;0;1
77;13;27;9;51;13;0;13;0;0;0;13;77;0;27;9;51;0;0;0;1;1;0;0;2
81;39;79;7;243;26;0;0;0;0;0;0;81;39;79;7;243;26;0;0;0;1;0;1;2
62;13;95;42;41;26;0;0;0;0;0;0;62;13;95;42;41;26;0;1;0;0;0;1;2
3;67;75;22;3;67;3;67;0;0;3;67;0;0;75;22;0;0;0;0;0;1;0;0;1
43;6;27;4;28;6;0;6;0;0;0;6;43;0;27;4;28;0;0;0;1;1;1;0;3
75;75;9;4;50;112;75;75;0;0;0;0;0;0;9;4;50;112;0;0;1;1;0;0;2
66;35;14;26;22;17;0;0;0;0;0;0;66;35;14;26;22;17;0;1;1;1;1;1;5
27;10;13;43;27;5;27;0;0;0;27;0;0;10;13;43;0;5;0;1;1;0;0;1;3
27;90;54;1;9;180;0;0;0;0;0;0;27;90;54;1;9;180;1;0;0;1;1;0;3
62;84;22;27;41;84;0;84;0;0;0;84;62;0;22;27;41;0;0;0;1;1;0;0;2
84;19;72;11;252;19;0;19;0;0;0;19;84;0;72;11;252;0;0;0;0;1;0;0;1
97;44;88;47;194;66;0;0;0;0;0;0;97;44;88;47;194;66;0;0;0;0;0;0;0
54;71;85;33;81;213;0;0;0;0;0;0;54;71;85;33;81;213;0;0;0;1;0;0;1
26;68;68;16;39;102;0;68;68;0;0;0;26;0;0;16;39;102;1;0;0;1;0;0;2
97;17;15;32;64;34;0;0;0;0;0;0;97;17;15;32;64;34;0;1;1;1;0;1;4
96;55;1;21;288;55;0;55;0;0;0;55;96;0;1;21;288;0;0;0;1;1;0;0;2
21;27;28;18;63;81;0;0;0;0;0;0;21;27;28;18;63;81;1;1;1;1;0;0;4
46;50;71;49;92;50;0;50;0;0;0;50;46;0;71;49;92;0;0;0;0;0;0;0;0
23;52;62;37;69;52;0;52;0;0;0;52;23;0;62;37;69;0;1;0;0;0;0;0;1
46;74;96;31;92;148;0;0;0;0;0;0;46;74;96;31;92;148;0;0;0;1;0;0;1
26;86;77;29;8;172;0;0;0;0;0;0;26;86;77;29;8;172;1;0;0;1;1;0;3
43;56;78;9;43;168;43;0;0;0;43;0;0;56;78;9;0;168;0;0;0;1;0;0;1
34;59;83;43;34;19;34;0;0;0;34;0;0;59;83;43;0;19;0;0;0;0;0;1;1
34;50;92;19;102;50;0;50;0;0;0;50;34;0;92;19;102;0;1;0;0;1;0;0;2
95;99;12;5;285;198;0;0;0;0;0;0;95;99;12;5;285;198;0;0;1;1;0;0;2
11;38;38;24;11;114;11;38;38;0;11;0;0;0;0;24;0;114;0;0;0;1;0;0;1
37;39;83;29;55;26;0;0;0;0;0;0;37;39;83;29;55;26;0;0;0;1;0;1;2
1;23;98;5;0;69;0;0;0;0;0;0;1;23;98;5;0;69;1;1;0;1;1;0;4
29;63;58;21;87;42;0;0;0;0;0;0;29;63;58;21;87;42;1;0;0;1;0;0;2
67;87;87;13;67;130;67;87;87;0;67;0;0;0;0;13;0;130;0;0;0;1;0;0;1
43;26;18;13;43;39;43;0;0;0;43;0;0;26;18;13;0;39;0;1;1;1;0;0;3
28;14;17;29;28;7;28;0;0;0;28;0;0;14;17;29;0;7;0;1;1;1;0;1;4
35;38;45;24;23;38;0;38;0;0;0;38;35;0;45;24;23;0;1;0;0;1;1;0;3
51;66;23;13;51;66;51;66;0;0;51;66;0;0;23;13;0;0;0;0;1;1;0;0;2
6;98;18;33;9;49;0;0;0;0;0;0;6;98;18;33;9;49;1;0;1;1;1;0;4
92;17;95;7;30;17;0;17;0;0;0;17;92;0;95;7;30;0;0;0;0;1;1;0;2
95;75;97;6;31;150;0;0;0;0;0;0;95;75;97;6;31;150;0;0;0;1;1;0;2
6;92;85;25;18;184;0;0;0;0;0;0;6;92;85;25;18;184;1;0;0;1;1;0;3
45;55;72;21;135;18;0;0;0;0;0;0;45;55;72;21;135;18;0;0;0;1;0;1;2
51;57;47;42;76;57;0;57;0;0;0;57;51;0;47;42;76;0;0;0;0;0;0;0;0
70;27;67;27;70;13;70;27;0;27;70;0;0;0;67;0;0;13;0;0;0;0;0;1;1
37;43;31;29;37;64;37;0;0;0;37;0;0;43;31;29;0;64;0;0;1;1;0;0;2
99;84;10;12;66;168;0;0;0;0;0;0;99;84;10;12;66;168;0;0;1;1;0;0;2
46;74;11;9;46;24;46;0;0;0;46;0;0;74;11;9;0;24;0;0;1;1;0;1;3
82;45;60;27;82;45;82;45;0;0;82;45;0;0;60;27;0;0;0;0;0;1;0;0;1
74;51;22;50;74;51;74;51;0;0;74;51;0;0;22;50;0;0;0;0;1;0;0;0;1
36;8;1;22;12;8;0;8;0;0;0;8;36;0;1;22;12;0;1;0;1;1;1;0;4
88;63;43;8;29;126;0;0;0;0;0;0;88;63;43;8;29;126;0;0;0;1;1;0;2
83;30;62;9;83;20;83;0;0;0;83;0;0;30;62;9;0;20;0;1;0;1;0;1;3
91;10;74;7;30;6;0;0;0;0;0;0;91;10;74;7;30;6;0;1;0;1;1;1;4
96;72;66;45;32;24;0;0;0;0;0;0;96;72;66;45;32;24;0;0;0;0;1;1;2
95;20;51;13;285;30;0;0;0;0;0;0;95;20;51;13;285;30;0;1;0;1;0;1;3
29;56;83;15;87;112;0;0;0;0;0;0;29;56;83;15;87;112;1;0;0;1;0;0;2
97;86;43;2;145;172;0;0;0;0;0;0;97;86;43;2;145;172;0;0;0;1;0;0;1
31;6;27;47;15;4;0;0;0;0;0;0;31;6;27;47;15;4;1;1;1;0;1;1;5
98;20;79;10;65;13;0;0;0;0;0;0;98;20;79;10;65;13;0;1;0;1;0;1;3
36;41;60;13;36;61;36;0;0;0;36;0;0;41;60;13;0;61;0;0;0;1;0;0;1
40;30;100;32;40;90;40;0;0;0;40;0;0;30;100;32;0;90;0;1;0;1;0;0;2
53;41;67;8;79;13;0;0;0;0;0;0;53;41;67;8;79;13;0;0;0;1;0;1;2
76;11;2;21;76;11;76;11;0;0;76;11;0;0;2;21;0;0;0;0;1;1;0;0;2
15;51;33;29;15;34;15;0;0;0;15;0;0;51;33;29;0;34;0;0;1;1;0;1;3
73;46;82;38;109;138;0;0;0;0;0;0;73;46;82;38;109;138;0;0;0;0;0;0;0
79;66;59;41;79;99;79;0;0;0;79;0;0;66;59;41;0;99;0;0;0;0;0;0;0
64;11;66;17;64;3;64;0;0;0;64;0;0;11;66;17;0;3;0;1;0;1;0;1;3
6;15;34;42;2;15;0;15;0;0;0;15;6;0;34;42;2;0;1;0;1;0;1;0;3
39;38;89;12;58;76;0;0;0;0;0;0;39;38;89;12;58;76;0;0;0;1;0;0;1
50;80;47;12;25;80;0;80;0;0;0;80;50;0;47;12;25;0;0;0;0;1;1;0;2
40;32;18;48;40;21;40;0;0;0;40;0;0;32;18;48;0;21;0;1;1;0;0;1;3
87;24;53;9;261;72;0;0;0;0;0;0;87;24;53;9;261;72;0;1;0;1;0;0;2
39;17;69;7;19;5;0;0;0;0;0;0;39;17;69;7;19;5;0;1;0;1;1;1;4
99;24;38;10;99;72;99;0;0;0;99;0;0;24;38;10;0;72;0;1;0;1;0;0;2
74;1;72;32;111;1;0;1;0;0;0;1;74;0;72;32;111;0;0;0;0;1;0;0;1
36;31;78;35;54;20;0;0;0;0;0;0;36;31;78;35;54;20;1;1;0;1;0;1;4
89;94;80;40;178;94;0;94;0;0;0;94;89;0;80;40;178;0;0;0;0;0;0;0;0
26;39;44;11;52;19;0;0;0;0;0;0;26;39;44;11;52;19;1;0;0;1;0;1;3
75;6;91;36;112;6;0;6;0;0;0;6;75;0;91;36;112;0;0;0;0;1;0;0;1
62;25;53;47;62;25;62;25;0;0;62;25;0;0;53;47;0;0;0;0;0;0;0;0;0
62;25;76;15;124;16;0;0;0;0;0;0;62;25;76;15;124;16;0;1;0;1;0;1;3
98;59;70;9;32;29;0;0;0;0;0;0;98;59;70;9;32;29;0;0;0;1;1;1;3
74;59;20;38;24;39;0;0;0;0;0;0;74;59;20;38;24;39;0;0;1;0;1;0;2
25;72;60;33;37;48;0;0;0;0;0;0;25;72;60;33;37;48;1;0;0;1;0;0;2
67;62;9;44;44;93;0;0;0;44;44;0;67;62;9;0;0;93;0;0;1;0;0;0;1
35;75;13;5;105;25;0;0;0;0;0;0;35;75;13;5;105;25;1;0;1;1;0;1;4
15;8;82;26;5;24;0;0;0;0;0;0;15;8;82;26;5;24;1;1;0;1;1;1;5
83;52;52;34;249;156;0;52;52;0;0;0;83;0;0;34;249;156;0;0;0;1;0;0;1
69;62;12;39;103;186;0;0;0;0;0;0;69;62;12;39;103;186;0;0;1;0;0;0;1
46;39;54;2;46;58;46;0;0;0;46;0;0;39;54;2;0;58;0;0;0;1;0;0;1
44;7;29;43;44;4;44;0;0;0;44;0;0;7;29;43;0;4;0;1;1;0;0;1;3
15;49;34;36;5;49;0;49;0;0;0;49;15;0;34;36;5;0;1;0;1;1;1;0;4
71;42;35;26;35;126;0;0;35;0;35;0;71;42;0;26;0;126;0;0;0;1;0;0;1
44;66;78;15;88;33;0;0;0;0;0;0;44;66;78;15;88;33;0;0;0;1;0;1;2
59;35;80;2;29;105;0;0;0;0;0;0;59;35;80;2;29;105;0;1;0;1;1;0;3
90;63;43;21;60;42;0;0;0;0;0;0;90;63;43;21;60;42;0;0;0;1;0;0;1
58;4;33;10;116;2;0;0;0;0;0;0;58;4;33;10;116;2;0;1;1;1;0;1;4
2;7;37;49;4;3;0;0;0;0;0;0;2;7;37;49;4;3;1;1;0;0;1;1;4
29;56;88;32;87;18;0;0;0;0;0;0;29;56;88;32;87;18;1;0;0;1;0;1;3
13;94;68;25;13;62;13;0;0;0;13;0;0;94;68;25;0;62;0;0;0;1;0;0;1
40;66;64;37;40;66;40;66;0;0;40;66;0;0;64;37;0;0;0;0;0;0;0;0;0
79;7;7;30;237;2;0;7;7;0;0;0;79;0;0;30;237;2;0;0;0;1;0;1;2
61;17;67;39;91;25;0;0;0;0;0;0;61;17;67;39;91;25;0;1;0;0;0;1;2
69;90;78;10;69;60;69;0;0;0;69;0;0;90;78;10;0;60;0;0;0;1;0;0;1
54;67;87;28;108;67;0;67;0;0;0;67;54;0;87;28;108;0;0;0;0;1;0;0;1
11;32;79;44;16;10;0;0;0;0;0;0;11;32;79;44;16;10;1;1;0;0;1;1;4
91;24;94;30;60;16;0;0;0;0;0;0;91;24;94;30;60;16;0;1;0;1;0;1;3
90;67;68;22;270;134;0;0;0;0;0;0;90;67;68;22;270;134;0;0;0;1;0;0;1
33;55;41;1;33;55;33;55;0;0;33;55;0;0;41;1;0;0;0;0;0;1;0;0;1
40;12;38;40;120;12;40;12;0;40;0;12;0;0;38;0;120;0;0;0;0;0;0;0;0
30;34;58;13;90;34;0;34;0;0;0;34;30;0;58;13;90;0;1;0;0;1;0;0;2
82;59;3;36;82;59;82;59;0;0;82;59;0;0;3;36;0;0;0;0;1;1;0;0;2
84;93;4;32;56;62;0;0;0;0;0;0;84;93;4;32;56;62;0;0;1;1;0;0;2
30;12;9;32;30;36;30;0;0;0;30;0;0;12;9;32;0;36;0;1;1;1;0;1;4
32;94;63;19;32;188;32;0;0;0;32;0;0;94;63;19;0;188;0;0;0;1;0;0;1
7;50;38;37;10;150;0;0;0;0;0;0;7;50;38;37;10;150;1;0;0;0;1;0;2
79;47;20;30;39;70;0;0;0;0;0;0;79;47;20;30;39;70;0;0;1;1;0;0;2
55;44;1;6;36;132;0;0;0;0;0;0;55;44;1;6;36;132;0;0;1;1;1;0;3
14;78;65;50;4;78;0;78;0;0;0;78;14;0;65;50;4;0;1;0;0;0;1;0;2
59;20;79;17;29;20;0;20;0;0;0;20;59;0;79;17;29;0;0;0;0;1;1;0;2
22;20;84;26;66;60;0;0;0;0;0;0;22;20;84;26;66;60;1;1;0;1;0;0;3
88;18;52;7;44;18;0;18;0;0;0;18;88;0;52;7;44;0;0;0;0;1;0;0;1
4;1;19;30;6;2;0;0;0;0;0;0;4;1;19;30;6;2;1;1;1;1;1;1;6
29;70;57;19;19;70;0;70;0;19;19;70;29;0;57;0;0;0;1;0;0;0;0;0;1
73;72;73;8;48;72;73;72;73;0;0;72;0;0;0;8;48;0;0;0;0;1;0;0;1
78;100;7;25;156;50;0;0;0;0;0;0;78;100;7;25;156;50;0;0;1;1;0;0;2
83;87;23;4;27;87;0;87;0;0;0;87;83;0;23;4;27;0;0;0;1;1;1;0;3
35;78;28;45;70;26;0;0;0;0;0;0;35;78;28;45;70;26;1;0;1;0;0;1;3
25;37;85;6;8;12;0;0;0;0;0;0;25;37;85;6;8;12;1;0;0;1;1;1;4
93;94;45;26;62;188;0;0;0;0;0;0;93;94;45;26;62;188;0;0;0;1;0;0;1
77;36;92;2;154;72;0;0;0;0;0;0;77;36;92;2;154;72;0;1;0;1;0;0;2
53;71;69;40;53;47;53;0;0;0;53;0;0;71;69;40;0;47;0;0;0;0;0;0;0
6;9;8;46;9;9;0;9;0;0;9;9;6;0;8;46;0;0;1;0;1;0;0;0;2
85;60;55;41;85;20;85;0;0;0;85;0;0;60;55;41;0;20;0;0;0;0;0;1;1
62;85;99;4;93;56;0;0;0;0;0;0;62;85;99;4;93;56;0;0;0;1;0;0;1
69;24;14;35;34;48;0;0;0;0;0;0;69;24;14;35;34;48;0;1;1;1;1;0;4
18;76;99;39;18;76;18;76;0;0;18;76;0;0;99;39;0;0;0;0;0;0;0;0;0
85;79;22;42;85;39;85;0;0;0;85;0;0;79;22;42;0;39;0;0;1;0;0;0;1
59;56;72;33;177;18;0;0;0;0;0;0;59;56;72;33;177;18;0;0;0;1;0;1;2
95;40;100;48;95;20;95;0;0;0;95;0;0;40;100;48;0;20;0;0;0;0;0;1;1
68;9;33;43;68;4;68;0;0;0;68;0;0;9;33;43;0;4;0;1;1;0;0;1;3
62;39;14;36;124;19;0;0;0;0;0;0;62;39;14;36;124;19;0;0;1;1;0;1;3
19;19;75;27;9;9;19;19;0;0;9;9;0;0;75;27;0;0;0;0;0;1;0;0;1
52;96;50;43;52;32;52;0;0;0;52;0;0;96;50;43;0;32;0;0;0;0;0;1;1
54;14;31;27;108;7;0;0;0;0;0;0;54;14;31;27;108;7;0;1;1;1;0;1;4
100;37;18;7;50;12;0;0;0;0;0;0;100;37;18;7;50;12;0;0;1;1;0;1;3
66;99;43;44;198;99;0;99;0;0;0;99;66;0;43;44;198;0;0;0;0;0;0;0;0
36;46;72;14;72;138;0;0;72;0;72;0;36;46;0;14;0;138;1;0;0;1;0;0;2
33;31;1;49;16;46;0;0;0;0;0;0;33;31;1;49;16;46;1;1;1;0;1;0;4
68;37;100;13;34;37;0;37;0;0;0;37;68;0;100;13;34;0;0;0;0;1;1;0;2
74;93;1;8;24;139;0;0;0;0;0;0;74;93;1;8;24;139;0;0;1;1;1;0;3
72;17;44;29;36;17;0;17;0;0;0;17;72;0;44;29;36;0;0;0;0;1;1;0;2
15;56;61;45;22;56;0;56;0;0;0;56;15;0;61;45;22;0;1;0;0;0;1;0;2
76;44;92;22;50;44;0;44;0;0;0;44;76;0;92;22;50;0;0;0;0;1;0;0;1
31;42;62;44;20;14;0;0;0;0;0;0;31;42;62;44;20;14;1;0;0;0;1;1;3
16;94;65;44;10;94;0;94;0;0;0;94;16;0;65;44;10;0;1;0;0;0;1;0;2
75;22;33;11;37;14;0;0;0;0;0;0;75;22;33;11;37;14;0;1;1;1;0;1;4
52;67;66;18;52;201;52;0;0;0;52;0;0;67;66;18;0;201;0;0;0;1;0;0;1
8;76;93;2;12;76;0;76;0;0;0;76;8;0;93;2;12;0;1;0;0;1;1;0;3
1;76;80;23;1;38;1;0;0;0;1;0;0;76;80;23;0;38;0;0;0;1;0;0;1
6;90;64;12;6;45;6;0;0;0;6;0;0;90;64;12;0;45;0;0;0;1;0;0;1
59;86;22;4;59;86;59;86;0;0;59;86;0;0;22;4;0;0;0;0;1;1;0;0;2
71;56;87;38;71;37;71;0;0;0;71;0;0;56;87;38;0;37;0;0;0;0;0;0;0
49;23;60;31;73;11;0;0;0;0;0;0;49;23;60;31;73;11;0;1;0;1;0;1;3
27;93;35;48;27;62;27;0;0;0;27;0;0;93;35;48;0;62;0;0;1;0;0;0;1
99;24;31;1;33;48;0;0;0;0;0;0;99;24;31;1;33;48;0;1;1;1;1;0;4
99;7;66;10;297;7;0;7;0;0;0;7;99;0;66;10;297;0;0;0;0;1;0;0;1
16;93;75;20;48;93;0;93;0;0;0;93;16;0;75;20;48;0;1;0;0;1;0;0;2
52;72;100;27;26;72;0;72;0;0;0;72;52;0;100;27;26;0;0;0;0;1;1;0;2
79;15;77;41;118;45;0;0;0;0;0;0;79;15;77;41;118;45;0;1;0;0;0;0;1
73;20;43;36;73;20;73;20;0;0;73;20;0;0;43;36;0;0;0;0;0;1;0;0;1
61;87;46;45;122;87;0;87;0;0;0;87;61;0;46;45;122;0;0;0;0;0;0;0;0
75;25;58;4;225;8;0;0;0;0;0;0;75;25;58;4;225;8;0;1;0;1;0;1;3
38;71;100;40;25;23;0;0;0;0;0;0;38;71;100;40;25;23;0;0;0;0;1;1;2
43;4;91;6;14;6;0;0;0;6;0;6;43;4;91;0;14;0;0;1;0;0;1;0;2
79;58;60;40;158;116;0;0;0;0;0;0;79;58;60;40;158;116;0;0;0;0;0;0;0
5;53;16;42;3;79;0;0;0;0;0;0;5;53;16;42;3;79;1;0;1;0;1;0;3
59;97;68;47;19;97;0;97;0;0;0;97;59;0;68;47;19;0;0;0;0;0;1;0;1
33;21;89;36;99;42;0;0;0;0;0;0;33;21;89;36;99;42;1;1;0;1;0;0;3
10;53;26;36;10;53;10;53;0;0;10;53;0;0;26;36;0;0;0;0;1;1;0;0;2
86;62;83;31;172;31;0;0;0;31;0;31;86;62;83;0;172;0;0;0;0;0;0;0;0
42;97;14;4;42;64;42;0;0;0;42;0;0;97;14;4;0;64;0;0;1;1;0;0;2
57;42;41;28;171;42;0;42;0;0;0;42;57;0;41;28;171;0;0;0;0;1;0;0;1
20;5;37;26;20;10;20;0;0;0;20;0;0;5;37;26;0;10;0;1;0;1;0;1;3
56;45;66;39;28;30;0;0;0;0;0;0;56;45;66;39;28;30;0;0;0;0;1;1;2
10;35;13;17;10;105;10;0;0;0;10;0;0;35;13;17;0;105;0;1;1;1;0;0;3
18;64;94;33;18;64;18;64;0;0;18;64;0;0;94;33;0;0;0;0;0;1;0;0;1
100;65;38;49;150;43;0;0;0;0;0;0;100;65;38;49;150;43;0;0;0;0;0;0;0
28;16;78;27;18;10;0;0;0;0;0;0;28;16;78;27;18;10;1;1;0;1;1;1;5
83;82;87;8;83;123;83;0;0;0;83;0;0;82;87;8;0;123;0;0;0;1;0;0;1
18;92;47;26;12;30;0;0;0;0;0;0;18;92;47;26;12;30;1;0;0;1;1;1;4
87;48;28;18;58;32;0;0;0;0;0;0;87;48;28;18;58;32;0;0;1;1;0;1;3
88;53;44;7;88;79;88;0;0;0;88;0;0;53;44;7;0;79;0;0;0;1;0;0;1
59;51;11;3;59;51;59;51;0;0;59;51;0;0;11;3;0;0;0;0;1;1;0;0;2
50;43;61;33;50;86;50;0;0;0;50;0;0;43;61;33;0;86;0;0;0;1;0;0;1
27;5;51;22;54;5;0;5;0;0;0;5;27;0;51;22;54;0;1;0;0;1;0;0;2
94;24;53;11;62;12;0;0;0;0;0;0;94;24;53;11;62;12;0;1;0;1;0;1;3
73;84;95;50;109;42;0;0;0;0;0;0;73;84;95;50;109;42;0;0;0;0;0;0;0
1;92;78;20;3;138;0;0;0;0;0;0;1;92;78;20;3;138;1;0;0;1;1;0;3
63;17;27;37;21;34;0;0;0;0;0;0;63;17;27;37;21;34;0;1;1;0;1;1;4
24;89;53;6;16;267;0;0;0;0;0;0;24;89;53;6;16;267;1;0;0;1;1;0;3
93;11;97;18;31;22;0;0;0;0;0;0;93;11;97;18;31;22;0;1;0;1;1;1;4
9;44;47;23;9;22;9;0;0;0;9;0;0;44;47;23;0;22;0;0;0;1;0;1;2
71;90;13;35;71;30;71;0;0;0;71;0;0;90;13;35;0;30;0;0;1;1;0;1;3
38;21;17;34;57;10;0;0;0;0;0;0;38;21;17;34;57;10;0;1;1;1;0;1;4
68;3;78;25;34;4;0;0;0;0;0;0;68;3;78;25;34;4;0;1;0;1;1;1;4
90;53;17;1;90;53;90;53;0;0;90;53;0;0;17;1;0;0;0;0;1;1;0;0;2
18;82;2;37;27;82;0;82;0;0;0;82;18;0;2;37;27;0;1;0;1;0;1;0;3
90;23;95;33;180;69;0;0;0;0;0;0;90;23;95;33;180;69;0;1;0;1;0;0;2
90;85;20;3;180;170;0;0;0;0;0;0;90;85;20;3;180;170;0;0;1;1;0;0;2
51;89;45;27;102;89;0;89;0;0;0;89;51;0;45;27;102;0;0;0;0;1;0;0;1
68;95;17;7;34;190;0;0;0;0;0;0;68;95;17;7;34;190;0;0;1;1;1;0;3
73;60;97;21;219;40;0;0;0;0;0;0;73;60;97;21;219;40;0;0;0;1;0;0;1
58;41;57;50;58;61;58;0;0;0;58;0;0;41;57;50;0;61;0;0;0;0;0;0;0
73;50;86;41;73;100;73;0;0;0;73;0;0;50;86;41;0;100;0;0;0;0;0;0;0
11;25;41;22;11;16;11;0;0;0;11;0;0;25;41;22;0;16;0;1;0;1;0;1;3
74;43;34;31;148;86;0;0;0;0;0;0;74;43;34;31;148;86;0;0;1;1;0;0;2
24;50;62;10;48;50;0;50;0;0;0;50;24;0;62;10;48;0;1;0;0;1;0;0;2
63;36;62;37;126;36;0;36;0;0;0;36;63;0;62;37;126;0;0;0;0;0;0;0;0
78;49;1;11;78;24;78;0;0;0;78;0;0;49;1;11;0;24;0;0;1;1;0;1;3
72;68;78;17;216;68;0;68;0;0;0;68;72;0;78;17;216;0;0;0;0;1;0;0;1
2;92;97;41;6;138;0;0;0;0;0;0;2;92;97;41;6;138;1;0;0;0;1;0;2
22;69;92;35;44;103;0;0;0;0;0;0;22;69;92;35;44;103;1;0;0;1;0;0;2
30;36;22;14;90;36;0;36;0;0;0;36;30;0;22;14;90;0;1;0;1;1;0;0;3
6;69;23;16;3;69;0;69;0;0;0;69;6;0;23;16;3;0;1;0;1;1;1;0;4
96;62;41;48;96;20;96;0;0;0;96;0;0;62;41;48;0;20;0;0;0;0;0;1;1
22;82;67;38;22;41;22;0;0;0;22;0;0;82;67;38;0;41;0;0;0;0;0;0;0
93;45;50;3;31;30;0;0;0;0;0;0;93;45;50;3;31;30;0;0;0;1;1;1;3
87;74;4;26;261;24;0;0;0;0;0;0;87;74;4;26;261;24;0;0;1;1;0;1;3
8;10;79;47;4;5;0;0;0;0;0;0;8;10;79;47;4;5;1;1;0;0;1;1;4
89;89;93;23;44;59;89;89;0;0;0;0;0;0;93;23;44;59;0;0;0;1;0;0;1
34;5;1;33;68;7;0;0;0;0;0;0;34;5;1;33;68;7;1;1;1;1;0;1;5
100;42;58;15;100;14;100;0;0;0;100;0;0;42;58;15;0;14;0;0;0;1;0;1;2
90;74;78;29;90;148;90;0;0;0;90;0;0;74;78;29;0;148;0;0;0;1;0;0;1
89;82;37;49;133;41;0;0;0;0;0;0;89;82;37;49;133;41;0;0;0;0;0;0;0
24;33;8;49;36;66;0;0;0;0;0;0;24;33;8;49;36;66;1;1;1;0;1;0;4
92;69;87;12;184;69;0;69;0;0;0;69;92;0;87;12;184;0;0;0;0;1;0;0;1
78;97;14;16;78;291;78;0;0;0;78;0;0;97;14;16;0;291;0;0;1;1;0;0;2
65;95;42;5;65;95;65;95;0;0;65;95;0;0;42;5;0;0;0;0;0;1;0;0;1
18;22;37;48;18;44;18;0;0;0;18;0;0;22;37;48;0;44;0;1;0;0;0;0;1
48;61;71;39;144;61;0;61;0;0;0;61;48;0;71;39;144;0;0;0;0;0;0;0;0
88;78;14;39;29;117;0;0;0;0;0;0;88;78;14;39;29;117;0;0;1;0;1;0;2
59;20;29;4;59;13;59;0;0;0;59;0;0;20;29;4;0;13;0;1;1;1;0;1;4
94;96;78;22;94;48;94;0;0;0;94;0;0;96;78;22;0;48;0;0;0;1;0;0;1
16;1;76;34;16;1;16;1;0;0;16;1;0;0;76;34;0;0;0;0;0;1;0;0;1
7;90;97;1;7;90;7;90;0;0;7;90;0;0;97;1;0;0;0;0;0;1;0;0;1
4;76;48;33;2;152;0;0;0;0;0;0;4;76;48;33;2;152;1;0;0;1;1;0;3
3;94;88;50;3;31;3;0;0;0;3;0;0;94;88;50;0;31;0;0;0;0;0;1;1
48;97;74;29;96;97;0;97;0;0;0;97;48;0;74;29;96;0;0;0;0;1;0;0;1
95;14;48;15;95;42;95;0;0;0;95;0;0;14;48;15;0;42;0;1;0;1;0;0;2
28;59;46;21;84;177;0;0;0;0;0;0;28;59;46;21;84;177;1;0;0;1;0;0;2
86;19;23;13;129;19;0;19;0;0;0;19;86;0;23;13;129;0;0;0;1;1;0;0;2
48;76;64;37;48;38;48;0;0;0;48;0;0;76;64;37;0;38;0;0;0;0;0;0;0
77;46;57;49;77;46;77;46;0;0;77;46;0;0;57;49;0;0;0;0;0;0;0;0;0
29;95;2;24;29;285;29;0;0;0;29;0;0;95;2;24;0;285;0;0;1;1;0;0;2
28;80;75;12;28;80;28;80;0;0;28;80;0;0;75;12;0;0;0;0;0;1;0;0;1
17;18;39;25;17;18;17;18;0;0;17;18;0;0;39;25;0;0;0;0;0;1;0;0;1
14;49;24;25;21;98;0;0;0;0;0;0;14;49;24;25;21;98;1;0;1;1;1;0;4
95;7;36;41;95;10;95;0;0;0;95;0;0;7;36;41;0;10;0;1;1;0;0;1;3
99;86;49;27;148;43;0;0;0;0;0;0;99;86;49;27;148;43;0;0;0;1;0;0;1
59;94;88;42;177;282;0;0;0;0;0;0;59;94;88;42;177;282;0;0;0;0;0;0;0
56;57;88;18;18;57;0;57;0;18;18;57;56;0;88;0;0;0;0;0;0;0;0;0;0
32;91;47;2;96;30;0;0;0;0;0;0;32;91;47;2;96;30;1;0;0;1;0;1;3
40;66;72;15;60;66;0;66;0;0;0;66;40;0;72;15;60;0;0;0;0;1;0;0;1
42;70;87;31;14;70;0;70;0;0;0;70;42;0;87;31;14;0;0;0;0;1;1;0;2
84;86;11;13;126;86;0;86;0;0;0;86;84;0;11;13;126;0;0;0;1;1;0;0;2
98;89;2;42;98;29;98;0;0;0;98;0;0;89;2;42;0;29;0;0;1;0;0;1;2
6;7;31;7;12;4;0;7;0;7;0;0;6;0;31;0;12;4;1;0;1;0;1;1;4
10;32;41;38;10;32;10;32;0;0;10;32;0;0;41;38;0;0;0;0;0;0;0;0;0
78;11;56;43;78;7;78;0;0;0;78;0;0;11;56;43;0;7;0;1;0;0;0;1;2
79;84;32;1;79;168;79;0;0;0;79;0;0;84;32;1;0;168;0;0;1;1;0;0;2
39;63;38;33;39;63;39;63;0;0;39;63;0;0;38;33;0;0;0;0;0;1;0;0;1
61;11;98;4;61;11;61;11;0;0;61;11;0;0;98;4;0;0;0;0;0;1;0;0;1
54;98;45;24;54;294;54;0;0;0;54;0;0;98;45;24;0;294;0;0;0;1;0;0;1
79;5;56;27;118;3;0;0;0;0;0;0;79;5;56;27;118;3;0;1;0;1;0;1;3
58;17;71;49;58;34;58;0;0;0;58;0;0;17;71;49;0;34;0;1;0;0;0;1;2
22;5;64;45;7;15;0;0;0;0;0;0;22;5;64;45;7;15;1;1;0;0;1;1;4
100;47;47;9;200;47;0;47;47;0;0;47;100;0;0;9;200;0;0;0;0;1;0;0;1
85;35;75;9;255;17;0;0;0;0;0;0;85;35;75;9;255;17;0;1;0;1;0;1;3
89;42;6;4;44;14;0;0;0;0;0;0;89;42;6;4;44;14;0;0;1;1;0;1;3
28;80;74;40;9;240;0;0;0;0;0;0;28;80;74;40;9;240;1;0;0;0;1;0;2
67;93;82;6;33;93;0;93;0;0;0;93;67;0;82;6;33;0;0;0;0;1;1;0;2
39;28;38;22;58;56;0;0;0;0;0;0;39;28;38;22;58;56;0;1;0;1;0;0;2
32;33;34;5;32;33;32;33;0;0;32;33;0;0;34;5;0;0;0;0;1;1;0;0;2
80;58;99;5;53;116;0;0;0;0;0;0;80;58;99;5;53;116;0;0;0;1;0;0;1
28;43;59;19;28;43;28;43;0;0;28;43;0;0;59;19;0;0;0;0;0;1;0;0;1
88;60;52;40;176;60;0;60;0;0;0;60;88;0;52;40;176;0;0;0;0;0;0;0;0
83;95;41;10;249;95;0;95;0;0;0;95;83;0;41;10;249;0;0;0;0;1;0;0;1
54;42;99;23;54;14;54;0;0;0;54;0;0;42;99;23;0;14;0;0;0;1;0;1;2
48;27;31;17;72;40;0;0;0;0;0;0;48;27;31;17;72;40;0;1;1;1;0;0;3
43;35;33;17;28;35;0;35;0;0;0;35;43;0;33;17;28;0;0;0;1;1;1;0;3
12;39;52;22;24;117;0;0;0;0;0;0;12;39;52;22;24;117;1;0;0;1;1;0;3
43;24;41;10;14;24;0;24;0;0;0;24;43;0;41;10;14;0;0;0;0;1;1;0;2
58;97;28;3;116;64;0;0;0;0;0;0;58;97;28;3;116;64;0;0;1;1;0;0;2
27;10;100;6;18;3;0;0;0;0;0;0;27;10;100;6;18;3;1;1;0;1;1;1;5
34;24;91;43;68;24;0;24;0;0;0;24;34;0;91;43;68;0;1;0;0;0;0;0;1
84;20;66;40;84;30;84;0;0;0;84;0;0;20;66;40;0;30;0;1;0;0;0;1;2
6;61;45;26;2;40;0;0;0;0;0;0;6;61;45;26;2;40;1;0;0;1;1;0;3
66;69;55;47;22;23;0;0;0;0;0;0;66;69;55;47;22;23;0;0;0;0;1;1;2
1;83;21;30;1;83;1;83;0;0;1;83;0;0;21;30;0;0;0;0;1;1;0;0;2
58;71;80;46;38;47;0;0;0;0;0;0;58;71;80;46;38;47;0;0;0;0;0;0;0
44;34;54;14;44;51;44;0;0;0;44;0;0;34;54;14;0;51;0;1;0;1;0;0;2
64;41;17;20;64;20;64;0;0;20;64;20;0;41;17;0;0;0;0;0;1;0;0;0;1
65;86;34;41;195;43;0;0;0;0;0;0;65;86;34;41;195;43;0;0;1;0;0;0;1
50;69;25;38;75;23;0;0;0;0;0;0;50;69;25;38;75;23;0;0;1;0;0;1;2
52;31;64;35;52;10;52;0;0;0;52;0;0;31;64;35;0;10;0;1;0;1;0;1;3
67;16;60;37;44;48;0;0;0;0;0;0;67;16;60;37;44;48;0;1;0;0;0;0;1
47;55;41;19;94;110;0;0;0;0;0;0;47;55;41;19;94;110;0;0;0;1;0;0;1
4;10;90;17;12;5;0;0;0;0;0;0;4;10;90;17;12;5;1;1;0;1;1;1;5
84;75;66;25;28;25;0;0;0;25;0;25;84;75;66;0;28;0;0;0;0;0;1;0;1
3;76;67;8;9;76;0;76;0;0;0;76;3;0;67;8;9;0;1;0;0;1;1;0;3
35;79;83;45;35;79;35;79;0;0;35;79;0;0;83;45;0;0;0;0;0;0;0;0;0
96;2;6;15;64;4;0;0;0;0;0;0;96;2;6;15;64;4;0;1;1;1;0;1;4
3;97;63;32;9;97;0;97;0;0;0;97;3;0;63;32;9;0;1;0;0;1;1;0;3
91;7;29;23;91;7;91;7;0;0;91;7;0;0;29;23;0;0;0;0;1;1;0;0;2
17;4;10;42;34;4;0;4;0;0;0;4;17;0;10;42;34;0;1;0;1;0;1;0;3
31;48;79;23;20;48;0;48;0;0;0;48;31;0;79;23;20;0;1;0;0;1;1;0;3
38;92;70;9;38;92;38;92;0;0;38;92;0;0;70;9;0;0;0;0;0;1;0;0;1
48;78;40;44;72;52;0;0;0;0;0;0;48;78;40;44;72;52;0;0;0;0;0;0;0
74;89;42;41;74;178;74;0;0;0;74;0;0;89;42;41;0;178;0;0;0;0;0;0;0
62;13;19;1;124;13;0;13;0;0;0;13;62;0;19;1;124;0;0;0;1;1;0;0;2
51;11;87;33;51;7;51;0;0;0;51;0;0;11;87;33;0;7;0;1;0;1;0;1;3
60;20;33;29;90;20;0;20;0;0;0;20;60;0;33;29;90;0;0;0;1;1;0;0;2
8;86;23;18;8;258;8;0;0;0;8;0;0;86;23;18;0;258;0;0;1;1;0;0;2
54;39;27;41;36;19;0;0;0;0;0;0;54;39;27;41;36;19;0;0;1;0;1;1;3
71;31;7;42;71;20;71;0;0;0;71;0;0;31;7;42;0;20;0;1;1;0;0;1;3
100;92;3;8;100;30;100;0;0;0;100;0;0;92;3;8;0;30;0;0;1;1;0;1;3
27;44;57;7;13;66;0;0;0;0;0;0;27;44;57;7;13;66;1;0;0;1;1;0;3
46;83;86;24;92;55;0;0;0;0;0;0;46;83;86;24;92;55;0;0;0;1;0;0;1
34;40;43;11;17;60;0;0;0;0;0;0;34;40;43;11;17;60;1;0;0;1;1;0;3
47;21;83;41;15;14;0;0;0;0;0;0;47;21;83;41;15;14;0;1;0;0;1;1;3
16;54;11;35;5;81;0;0;0;0;0;0;16;54;11;35;5;81;1;0;1;1;1;0;4
83;95;15;35;83;63;83;0;0;0;83;0;0;95;15;35;0;63;0;0;1;1;0;0;2
13;56;57;7;8;18;0;0;0;0;0;0;13;56;57;7;8;18;1;0;0;1;1;1;4
74;63;1;3;74;63;74;63;0;0;74;63;0;0;1;3;0;0;0;0;1;1;0;0;2
92;70;87;35;92;70;92;70;0;0;92;70;0;0;87;35;0;0;0;0;0;1;0;0;1
26;33;43;36;13;33;0;33;0;0;0;33;26;0;43;36;13;0;1;0;0;1;1;0;3
62;60;95;41;20;20;0;0;0;0;20;20;62;60;95;41;0;0;0;0;0;0;0;0;0
53;53;27;42;53;106;53;53;0;0;53;0;0;0;27;42;0;106;0;0;1;0;0;0;1
86;44;82;47;172;22;0;0;0;0;0;0;86;44;82;47;172;22;0;0;0;0;0;1;1
47;15;52;33;47;30;47;0;0;0;47;0;0;15;52;33;0;30;0;1;0;1;0;1;3
44;61;87;12;14;61;0;61;0;0;0;61;44;0;87;12;14;0;0;0;0;1;1;0;2
57;70;34;27;171;46;0;0;0;0;0;0;57;70;34;27;171;46;0;0;1;1;0;0;2
54;74;38;21;108;24;0;0;0;0;0;0;54;74;38;21;108;24;0;0;0;1;0;1;2
11;98;44;33;22;65;0;0;0;0;0;0;11;98;44;33;22;65;1;0;0;1;1;0;3
81;1;62;17;162;3;0;0;0;0;0;0;81;1;62;17;162;3;0;1;0;1;0;1;3
88;86;2;33;264;57;0;0;0;0;0;0;88;86;2;33;264;57;0;0;1;1;0;0;2
65;31;70;14;97;62;0;0;0;0;0;0;65;31;70;14;97;62;0;1;0;1;0;0;2
9;6;19;38;4;4;0;0;0;0;4;4;9;6;19;38;0;0;1;1;1;0;0;0;3
11;78;10;13;5;26;0;0;0;0;0;0;11;78;10;13;5;26;1;0;1;1;1;1;5
90;40;51;38;90;13;90;0;0;0;90;0;0;40;51;38;0;13;0;0;0;0;0;1;1
95;13;27;40;31;13;0;13;0;0;0;13;95;0;27;40;31;0;0;0;1;0;1;0;2
93;4;97;9;139;4;0;4;0;0;0;4;93;0;97;9;139;0;0;0;0;1;0;0;1
18;75;81;24;54;150;0;0;0;0;0;0;18;75;81;24;54;150;1;0;0;1;0;0;2
21;46;34;1;21;69;21;0;0;0;21;0;0;46;34;1;0;69;0;0;1;1;0;0;2
86;53;73;22;43;26;0;0;0;0;0;0;86;53;73;22;43;26;0;0;0;1;0;1;2
44;90;48;24;44;90;44;90;0;0;44;90;0;0;48;24;0;0;0;0;0;1;0;0;1
36;2;62;17;36;6;36;0;0;0;36;0;0;2;62;17;0;6;0;1;0;1;0;1;3
79;97;21;15;79;48;79;0;0;0;79;0;0;97;21;15;0;48;0;0;1;1;0;0;2
23;17;76;41;11;5;0;0;0;0;0;0;23;17;76;41;11;5;1;1;0;0;1;1;4
22;18;86;23;22;9;22;0;0;0;22;0;0;18;86;23;0;9;0;1;0;1;0;1;3
76;23;63;4;228;23;0;23;0;0;0;23;76;0;63;4;228;0;0;0;0;1;0;0;1
14;21;67;15;4;42;0;0;0;0;0;0;14;21;67;15;4;42;1;1;0;1;1;0;4
12;17;24;20;24;11;0;0;24;0;24;0;12;17;0;20;0;11;1;1;0;1;0;1;4
65;47;69;26;130;94;0;0;0;0;0;0;65;47;69;26;130;94;0;0;0;1;0;0;1
27;60;78;18;40;60;0;60;0;0;0;60;27;0;78;18;40;0;1;0;0;1;0;0;2
39;28;44;6;117;14;0;0;0;0;0;0;39;28;44;6;117;14;0;1;0;1;0;1;3
87;39;98;7;87;39;87;39;0;0;87;39;0;0;98;7;0;0;0;0;0;1;0;0;1
18;80;57;32;12;160;0;0;0;0;0;0;18;80;57;32;12;160;1;0;0;1;1;0;3
61;84;51;34;61;168;61;0;0;0;61;0;0;84;51;34;0;168;0;0;0;1;0;0;1
29;77;43;38;29;25;29;0;0;0;29;0;0;77;43;38;0;25;0;0;0;0;0;1;1
39;14;61;39;78;4;39;0;0;39;0;0;0;14;61;0;78;4;0;1;0;0;0;1;2
85;79;59;24;255;52;0;0;0;0;0;0;85;79;59;24;255;52;0;0;0;1;0;0;1
46;93;49;34;69;31;0;0;0;0;0;0;46;93;49;34;69;31;0;0;0;1;0;1;2
2;75;93;40;3;50;0;0;0;0;0;0;2;75;93;40;3;50;1;0;0;0;1;0;2
90;88;14;18;90;88;90;88;0;0;90;88;0;0;14;18;0;0;0;0;1;1;0;0;2
76;64;6;46;25;128;0;0;0;0;0;0;76;64;6;46;25;128;0;0;1;0;1;0;2
99;58;29;19;49;58;0;58;0;0;0;58;99;0;29;19;49;0;0;0;1;1;0;0;2
61;33;35;22;30;99;0;0;0;0;0;0;61;33;35;22;30;99;0;1;1;1;1;0;4
28;9;21;27;28;9;28;9;0;0;28;9;0;0;21;27;0;0;0;0;1;1;0;0;2
71;11;90;17;142;11;0;11;0;0;0;11;71;0;90;17;142;0;0;0;0;1;0;0;1
65;83;81;46;97;83;0;83;0;0;0;83;65;0;81;46;97;0;0;0;0;0;0;0;0
15;78;6;12;15;52;15;0;0;0;15;0;0;78;6;12;0;52;0;0;1;1;0;0;2
97;94;12;50;97;62;97;0;0;0;97;0;0;94;12;50;0;62;0;0;1;0;0;0;1
92;36;72;6;61;72;0;0;72;0;0;72;92;36;0;6;61;0;0;1;0;1;0;0;2
16;93;85;42;16;139;16;0;0;0;16;0;0;93;85;42;0;139;0;0;0;0;0;0;0
100;97;74;23;100;97;100;97;0;0;100;97;0;0;74;23;0;0;0;0;0;1;0;0;1
57;64;31;19;171;64;0;64;0;0;0;64;57;0;31;19;171;0;0;0;1;1;0;0;2
65;94;61;50;130;94;0;94;0;0;0;94;65;0;61;50;130;0;0;0;0;0;0;0;0
90;45;99;10;180;45;0;45;0;0;0;45;90;0;99;10;180;0;0;0;0;1;0;0;1
72;27;38;38;72;81;72;0;38;38;72;0;0;27;0;0;0;81;0;1;0;0;0;0;1
31;100;8;20;31;33;31;0;0;0;31;0;0;100;8;20;0;33;0;0;1;1;0;1;3
34;49;46;17;34;98;34;0;0;0;34;0;0;49;46;17;0;98;0;0;0;1;0;0;1
66;45;65;39;22;30;0;0;0;0;0;0;66;45;65;39;22;30;0;0;0;0;1;1;2
50;83;70;18;16;55;0;0;0;0;0;0;50;83;70;18;16;55;0;0;0;1;1;0;2
42;30;79;8;63;20;0;0;0;0;0;0;42;30;79;8;63;20;0;1;0;1;0;1;3
97;84;44;39;97;28;97;0;0;0;97;0;0;84;44;39;0;28;0;0;0;0;0;1;1
76;77;83;12;50;77;0;77;0;0;0;77;76;0;83;12;50;0;0;0;0;1;0;0;1
60;42;12;38;60;42;60;42;0;0;60;42;0;0;12;38;0;0;0;0;1;0;0;0;1
44;46;23;43;132;15;0;0;0;0;0;0;44;46;23;43;132;15;0;0;1;0;0;1;2
26;100;65;1;17;50;0;0;0;0;0;0;26;100;65;1;17;50;1;0;0;1;1;0;3
77;73;79;25;154;109;0;0;0;0;0;0;77;73;79;25;154;109;0;0;0;1;0;0;1
100;97;14;33;300;145;0;0;0;0;0;0;100;97;14;33;300;145;0;0;1;1;0;0;2
55;57;13;19;165;38;0;0;0;0;0;0;55;57;13;19;165;38;0;0;1;1;0;0;2
77;54;39;10;38;27;0;0;0;0;0;0;77;54;39;10;38;27;0;0;0;1;0;1;2
36;22;37;25;36;44;36;0;0;0;36;0;0;22;37;25;0;44;0;1;0;1;0;0;2
82;80;48;31;123;40;0;0;0;0;0;0;82;80;48;31;123;40;0;0;0;1;0;0;1
57;8;26;11;57;8;57;8;0;0;57;8;0;0;26;11;0;0;0;0;1;1;0;0;2
19;69;48;40;6;34;0;0;0;0;0;0;19;69;48;40;6;34;1;0;0;0;1;1;3
52;38;25;43;17;76;0;0;0;0;0;0;52;38;25;43;17;76;0;0;1;0;1;0;2
10;96;28;48;10;96;10;96;0;0;10;96;0;0;28;48;0;0;0;0;1;0;0;0;1
68;19;85;4;204;9;0;0;0;0;0;0;68;19;85;4;204;9;0;1;0;1;0;1;3
6;26;52;38;6;52;6;0;52;0;6;52;0;26;0;38;0;0;0;1;0;0;0;0;1
41;87;44;23;41;58;41;0;0;0;41;0;0;87;44;23;0;58;0;0;0;1;0;0;1
52;11;44;50;156;33;0;0;0;0;0;0;52;11;44;50;156;33;0;1;0;0;0;1;2
63;73;58;49;63;48;63;0;0;0;63;0;0;73;58;49;0;48;0;0;0;0;0;0;0
58;93;91;50;58;62;58;0;0;0;58;0;0;93;91;50;0;62;0;0;0;0;0;0;0
33;49;2;18;22;32;0;0;0;0;0;0;33;49;2;18;22;32;1;0;1;1;1;1;5
56;59;47;2;84;29;0;0;0;0;0;0;56;59;47;2;84;29;0;0;0;1;0;1;2
5;14;96;49;3;14;0;14;0;0;0;14;5;0;96;49;3;0;1;0;0;0;1;0;2
36;70;83;12;18;140;0;0;0;0;0;0;36;70;83;12;18;140;1;0;0;1;1;0;3
5;27;10;17;3;13;0;0;0;0;0;0;5;27;10;17;3;13;1;1;1;1;1;1;6
32;6;39;30;64;18;0;0;0;0;0;0;32;6;39;30;64;18;1;1;0;1;0;1;4
28;73;64;46;14;73;0;73;0;0;0;73;28;0;64;46;14;0;1;0;0;0;1;0;2
89;11;60;15;178;3;0;0;0;0;0;0;89;11;60;15;178;3;0;1;0;1;0;1;3
44;29;88;50;44;87;44;0;0;0;44;0;0;29;88;50;0;87;0;1;0;0;0;0;1
50;73;29;23;150;146;0;0;0;0;0;0;50;73;29;23;150;146;0;0;1;1;0;0;2
2;38;16;40;6;38;0;38;0;0;0;38;2;0;16;40;6;0;1;0;1;0;1;0;3
47;91;44;41;141;45;0;0;0;0;0;0;47;91;44;41;141;45;0;0;0;0;0;0;0
55;91;6;33;110;60;0;0;0;0;0;0;55;91;6;33;110;60;0;0;1;1;0;0;2
33;91;58;15;49;273;0;0;0;0;0;0;33;91;58;15;49;273;1;0;0;1;0;0;2
26;99;8;28;13;99;0;99;0;0;0;99;26;0;8;28;13;0;1;0;1;1;1;0;4
56;17;27;17;37;11;0;17;0;17;0;0;56;0;27;0;37;11;0;0;1;0;0;1;2
64;73;19;1;42;219;0;0;0;0;0;0;64;73;19;1;42;219;0;0;1;1;0;0;2
53;47;45;31;35;31;0;0;0;31;0;31;53;47;45;0;35;0;0;0;0;0;1;0;1
98;98;10;40;98;65;98;98;0;0;98;0;0;0;10;40;0;65;0;0;1;0;0;0;1
38;84;82;34;38;56;38;0;0;0;38;0;0;84;82;34;0;56;0;0;0;1;0;0;1
42;86;94;32;14;86;0;86;0;0;0;86;42;0;94;32;14;0;0;0;0;1;1;0;2
3;74;71;43;4;74;0;74;0;0;0;74;3;0;71;43;4;0;1;0;0;0;1;0;2
51;99;98;32;51;99;51;99;0;0;51;99;0;0;98;32;0;0;0;0;0;1;0;0;1
65;12;4;17;32;12;0;12;0;0;0;12;65;0;4;17;32;0;0;0;1;1;1;0;3
19;87;11;1;6;87;0;87;0;0;0;87;19;0;11;1;6;0;1;0;1;1;1;0;4
76;44;25;37;76;29;76;0;0;0;76;0;0;44;25;37;0;29;0;0;1;0;0;1;2
81;90;82;5;162;270;0;0;0;0;0;0;81;90;82;5;162;270;0;0;0;1;0;0;1
17;66;4;41;17;44;17;0;0;0;17;0;0;66;4;41;0;44;0;0;1;0;0;0;1
41;36;87;33;123;24;0;0;0;0;0;0;41;36;87;33;123;24;0;1;0;1;0;1;3
61;76;1;15;91;228;0;0;0;0;0;0;61;76;1;15;91;228;0;0;1;1;0;0;2
15;50;64;17;15;25;15;0;0;0;15;0;0;50;64;17;0;25;0;0;0;1;0;1;2
37;94;62;40;37;62;37;0;62;0;37;62;0;94;0;40;0;0;0;0;0;0;0;0;0
48;2;60;25;48;2;48;2;0;0;48;2;0;0;60;25;0;0;0;0;0;1;0;0;1
63;32;42;50;42;32;0;32;42;0;42;32;63;0;0;50;0;0;0;0;0;0;0;0;0
73;49;26;12;24;98;0;0;0;0;0;0;73;49;26;12;24;98;0;0;1;1;1;0;3
98;46;25;25;49;15;0;0;25;25;0;0;98;46;0;0;49;15;0;0;0;0;0;1;1
92;52;51;39;61;52;0;52;0;0;0;52;92;0;51;39;61;0;0;0;0;0;0;0;0
98;68;97;33;98;136;98;0;0;0;98;0;0;68;97;33;0;136;0;0;0;1;0;0;1
12;27;11;20;12;54;12;0;0;0;12;0;0;27;11;20;0;54;0;1;1;1;0;0;3
22;35;44;44;44;105;0;0;44;44;44;0;22;35;0;0;0;105;1;1;0;0;0;0;2
19;13;8;9;28;19;19;0;0;0;0;19;0;13;8;9;28;0;0;1;1;1;1;0;4
36;35;58;18;108;11;0;0;0;0;0;0;36;35;58;18;108;11;1;1;0;1;0;1;4
17;84;88;36;5;126;0;0;0;0;0;0;17;84;88;36;5;126;1;0;0;1;1;0;3
59;53;92;38;39;53;0;53;0;0;0;53;59;0;92;38;39;0;0;0;0;0;0;0;0
98;87;27;22;98;58;98;0;0;0;98;0;0;87;27;22;0;58;0;0;1;1;0;0;2
13;87;49;28;19;29;0;0;0;0;0;0;13;87;49;28;19;29;1;0;0;1;1;1;4
47;41;22;38;94;27;0;0;0;0;0;0;47;41;22;38;94;27;0;0;1;0;0;1;2
6;63;90;20;3;189;0;0;0;0;0;0;6;63;90;20;3;189;1;0;0;1;1;0;3
6;89;66;25;2;44;0;0;0;0;0;0;6;89;66;25;2;44;1;0;0;1;1;0;3
71;47;34;11;35;15;0;0;0;0;0;0;71;47;34;11;35;15;0;0;1;1;1;1;4
87;34;53;4;29;68;0;0;0;0;0;0;87;34;53;4;29;68;0;1;0;1;1;0;3
79;79;93;6;79;118;79;79;0;0;79;0;0;0;93;6;0;118;0;0;0;1;0;0;1
33;89;19;34;99;59;0;0;0;0;0;0;33;89;19;34;99;59;1;0;1;1;0;0;3
36;45;76;38;36;30;36;0;0;0;36;0;0;45;76;38;0;30;0;0;0;0;0;1;1
54;55;89;21;162;36;0;0;0;0;0;0;54;55;89;21;162;36;0;0;0;1;0;1;2
37;24;4;7;55;12;0;0;0;0;0;0;37;24;4;7;55;12;0;1;1;1;0;1;4
50;13;88;14;50;13;50;13;0;0;50;13;0;0;88;14;0;0;0;0;0;1;0;0;1
12;44;53;46;12;14;12;0;0;0;12;0;0;44;53;46;0;14;0;0;0;0;0;1;1
61;29;62;47;30;9;0;0;0;0;0;0;61;29;62;47;30;9;0;1;0;0;1;1;3
79;100;15;3;79;100;79;100;0;0;79;100;0;0;15;3;0;0;0;0;1;1;0;0;2
97;49;86;12;64;73;0;0;0;0;0;0;97;49;86;12;64;73;0;0;0;1;0;0;1
18;53;84;6;6;79;0;0;0;6;6;0;18;53;84;0;0;79;1;0;0;0;0;0;1
45;95;18;17;90;31;0;0;0;0;0;0;45;95;18;17;90;31;0;0;1;1;0;1;3
92;78;5;32;92;78;92;78;0;0;92;78;0;0;5;32;0;0;0;0;1;1;0;0;2
35;53;88;9;35;26;35;0;0;0;35;0;0;53;88;9;0;26;0;0;0;1;0;1;2
58;53;96;40;58;53;58;53;0;0;58;53;0;0;96;40;0;0;0;0;0;0;0;0;0
59;39;86;3;39;117;0;39;0;0;39;0;59;0;86;3;0;117;0;0;0;1;0;0;1
37;36;61;3;12;36;0;36;0;0;0;36;37;0;61;3;12;0;0;0;0;1;1;0;2
48;37;30;3;16;37;0;37;0;0;0;37;48;0;30;3;16;0;0;0;1;1;1;0;3
44;60;25;24;14;180;0;0;0;0;0;0;44;60;25;24;14;180;0;0;1;1;1;0;3
19;11;41;8;6;7;0;0;0;0;0;0;19;11;41;8;6;7;1;1;0;1;1;1;5
92;86;75;35;61;258;0;0;0;0;0;0;92;86;75;35;61;258;0;0;0;1;0;0;1
73;70;10;5;73;140;73;0;0;0;73;0;0;70;10;5;0;140;0;0;1;1;0;0;2
55;19;14;29;82;6;0;0;0;0;0;0;55;19;14;29;82;6;0;1;1;1;0;1;4
38;74;34;39;25;74;0;74;0;0;0;74;38;0;34;39;25;0;0;0;1;0;1;0;2
40;97;40;22;40;64;40;0;40;0;40;0;0;97;0;22;0;64;0;0;0;1;0;0;1
5;78;59;32;15;156;0;0;0;0;0;0;5;78;59;32;15;156;1;0;0;1;1;0;3
15;29;99;8;5;58;0;0;0;0;0;0;15;29;99;8;5;58;1;1;0;1;1;0;4
59;79;92;42;59;79;59;79;0;0;59;79;0;0;92;42;0;0;0;0;0;0;0;0;0
6;71;27;9;6;106;6;0;0;0;6;0;0;71;27;9;0;106;0;0;1;1;0;0;2
50;73;42;50;16;36;50;0;0;50;0;0;0;73;42;0;16;36;0;0;0;0;1;1;2
6;92;76;41;12;276;0;0;0;0;0;0;6;92;76;41;12;276;1;0;0;0;1;0;2
45;6;15;4;15;4;0;0;15;4;15;4;45;6;0;0;0;0;0;1;0;0;0;0;1
78;45;8;9;117;22;0;0;0;0;0;0;78;45;8;9;117;22;0;0;1;1;0;1;3
66;49;90;29;99;98;0;0;0;0;0;0;66;49;90;29;99;98;0;0;0;1;0;0;1
14;23;59;20;4;11;0;0;0;0;0;0;14;23;59;20;4;11;1;1;0;1;1;1;5
49;67;99;50;73;100;0;0;0;0;0;0;49;67;99;50;73;100;0;0;0;0;0;0;0
38;39;62;12;19;58;0;0;0;0;0;0;38;39;62;12;19;58;0;0;0;1;1;0;2
52;6;49;24;17;6;0;6;0;0;0;6;52;0;49;24;17;0;0;0;0;1;1;0;2
77;79;43;34;77;26;77;0;0;0;77;0;0;79;43;34;0;26;0;0;0;1;0;1;2
55;93;76;34;165;31;0;0;0;0;0;0;55;93;76;34;165;31;0;0;0;1;0;1;2
57;47;85;42;19;15;0;0;0;0;0;0;57;47;85;42;19;15;0;0;0;0;1;1;2
75;74;97;23;75;111;75;0;0;0;75;0;0;74;97;23;0;111;0;0;0;1;0;0;1
2;36;10;47;6;36;0;36;0;0;0;36;2;0;10;47;6;0;1;0;1;0;1;0;3
91;67;43;25;273;67;0;67;0;0;0;67;91;0;43;25;273;0;0;0;0;1;0;0;1
1;94;63;5;0;282;0;0;0;0;0;0;1;94;63;5;0;282;1;0;0;1;1;0;3
75;15;93;13;37;15;0;15;0;0;0;15;75;0;93;13;37;0;0;0;0;1;0;0;1
86;99;68;8;172;66;0;0;0;0;0;0;86;99;68;8;172;66;0;0;0;1;0;0;1
51;16;36;17;51;16;51;16;0;0;51;16;0;0;36;17;0;0;0;0;1;1;0;0;2
70;47;91;48;210;47;0;47;0;0;0;47;70;0;91;48;210;0;0;0;0;0;0;0;0
95;29;58;13;63;29;0;29;0;0;0;29;95;0;58;13;63;0;0;0;0;1;0;0;1
5;97;23;45;1;97;0;97;0;0;0;97;5;0;23;45;1;0;1;0;1;0;1;0;3
44;4;62;38;88;12;0;0;0;0;0;0;44;4;62;38;88;12;0;1;0;0;0;1;2
95;36;50;30;95;72;95;0;0;0;95;0;0;36;50;30;0;72;0;1;0;1;0;0;2
35;18;15;22;35;18;35;18;0;0;35;18;0;0;15;22;0;0;0;0;1;1;0;0;2
27;72;31;13;13;216;0;0;0;13;13;0;27;72;31;0;0;216;1;0;1;0;0;0;2
2;98;24;46;2;294;2;0;0;0;2;0;0;98;24;46;0;294;0;0;1;0;0;0;1
30;68;58;30;15;68;30;68;0;30;0;68;0;0;58;0;15;0;0;0;0;0;1;0;1
7;70;37;26;7;210;7;0;0;0;7;0;0;70;37;26;0;210;0;0;0;1;0;0;1
54;67;59;36;18;22;0;0;0;0;0;0;54;67;59;36;18;22;0;0;0;1;1;1;3
93;86;4;23;139;86;0;86;0;0;0;86;93;0;4;23;139;0;0;0;1;1;0;0;2
89;5;34;8;89;5;89;5;0;0;89;5;0;0;34;8;0;0;0;0;1;1;0;0;2
62;45;43;26;31;30;0;0;0;0;0;0;62;45;43;26;31;30;0;0;0;1;1;1;3
79;48;73;3;79;48;79;48;0;0;79;48;0;0;73;3;0;0;0;0;0;1;0;0;1
1;11;38;21;1;11;1;11;0;0;1;11;0;0;38;21;0;0;0;0;0;1;0;0;1
17;66;55;24;51;99;0;0;0;0;0;0;17;66;55;24;51;99;1;0;0;1;0;0;2
97;21;32;37;291;21;0;21;0;0;0;21;97;0;32;37;291;0;0;0;1;0;0;0;1
89;4;37;2;89;4;89;4;0;0;89;4;0;0;37;2;0;0;0;0;0;1;0;0;1
92;26;17;45;138;39;0;0;0;0;0;0;92;26;17;45;138;39;0;1;1;0;0;0;2
80;49;14;29;53;16;0;0;0;0;0;0;80;49;14;29;53;16;0;0;1;1;0;1;3
86;23;60;33;258;7;0;0;0;0;0;0;86;23;60;33;258;7;0;1;0;1;0;1;3
1;29;14;10;3;29;0;29;0;0;0;29;1;0;14;10;3;0;1;0;1;1;1;0;4
79;31;19;11;39;10;0;0;0;0;0;0;79;31;19;11;39;10;0;1;1;1;0;1;4
87;7;49;45;87;7;87;7;0;0;87;7;0;0;49;45;0;0;0;0;0;0;0;0;0
64;72;73;2;64;108;64;0;0;0;64;0;0;72;73;2;0;108;0;0;0;1;0;0;1
100;16;67;21;300;16;0;16;0;0;0;16;100;0;67;21;300;0;0;0;0;1;0;0;1
33;95;15;21;33;63;33;0;0;0;33;0;0;95;15;21;0;63;0;0;1;1;0;0;2
69;26;97;42;46;13;0;0;0;0;0;0;69;26;97;42;46;13;0;1;0;0;0;1;2
34;74;16;22;102;74;0;74;0;0;0;74;34;0;16;22;102;0;1;0;1;1;0;0;3
40;51;13;24;26;51;0;51;0;0;0;51;40;0;13;24;26;0;0;0;1;1;1;0;3
82;13;49;6;82;13;82;13;0;0;82;13;0;0;49;6;0;0;0;0;0;1;0;0;1
97;68;47;2;64;45;0;0;0;0;0;0;97;68;47;2;64;45;0;0;0;1;0;0;1
10;98;76;27;5;196;0;0;0;0;0;0;10;98;76;27;5;196;1;0;0;1;1;0;3
92;80;41;50;276;120;0;0;0;0;0;0;92;80;41;50;276;120;0;0;0;0;0;0;0
59;73;67;18;59;73;59;73;0;0;59;73;0;0;67;18;0;0;0;0;0;1;0;0;1
11;58;37;21;7;58;0;58;0;0;0;58;11;0;37;21;7;0;1;0;0;1;1;0;3
8;89;71;41;24;29;0;0;0;0;0;0;8;89;71;41;24;29;1;0;0;0;1;1;3
12;34;81;25;12;11;12;0;0;0;12;0;0;34;81;25;0;11;0;1;0;1;0;1;3
68;16;18;28;22;32;0;0;0;0;0;0;68;16;18;28;22;32;0;1;1;1;1;1;5
53;59;65;45;26;29;0;0;0;0;0;0;53;59;65;45;26;29;0;0;0;0;1;1;2
42;87;95;25;21;261;0;0;0;0;0;0;42;87;95;25;21;261;0;0;0;1;1;0;2
86;61;73;36;86;40;86;0;0;0;86;0;0;61;73;36;0;40;0;0;0;1;0;0;1
90;57;15;48;180;28;0;0;0;0;0;0;90;57;15;48;180;28;0;0;1;0;0;1;2
87;32;84;4;29;32;0;32;0;0;0;32;87;0;84;4;29;0;0;0;0;1;1;0;2
78;40;16;29;78;40;78;40;0;0;78;40;0;0;16;29;0;0;0;0;1;1;0;0;2
15;55;90;30;15;55;15;55;0;0;15;55;0;0;90;30;0;0;0;0;0;1;0;0;1
42;70;22;37;126;70;0;70;0;0;0;70;42;0;22;37;126;0;0;0;1;0;0;0;1
50;63;92;31;50;63;50;63;0;0;50;63;0;0;92;31;0;0;0;0;0;1;0;0;1
12;59;43;47;4;118;0;0;0;0;0;0;12;59;43;47;4;118;1;0;0;0;1;0;2
62;62;4;22;41;62;62;62;0;0;0;62;0;0;4;22;41;0;0;0;1;1;0;0;2
44;26;20;17;66;13;0;0;0;0;0;0;44;26;20;17;66;13;0;1;1;1;0;1;4
59;71;14;29;59;35;59;0;0;0;59;0;0;71;14;29;0;35;0;0;1;1;0;1;3
92;56;65;19;46;56;0;56;0;0;0;56;92;0;65;19;46;0;0;0;0;1;0;0;1
76;41;80;7;25;41;0;41;0;0;0;41;76;0;80;7;25;0;0;0;0;1;1;0;2
36;1;96;47;108;0;0;0;0;0;0;0;36;1;96;47;108;0;1;1;0;0;0;1;3
62;68;60;41;62;22;62;0;0;0;62;0;0;68;60;41;0;22;0;0;0;0;0;1;1
15;48;95;38;15;24;15;0;0;0;15;0;0;48;95;38;0;24;0;0;0;0;0;1;1
23;74;45;17;23;37;23;0;0;0;23;0;0;74;45;17;0;37;0;0;0;1;0;0;1
53;51;51;47;53;153;53;51;51;0;53;0;0;0;0;47;0;153;0;0;0;0;0;0;0
29;46;96;45;87;46;0;46;0;0;0;46;29;0;96;45;87;0;1;0;0;0;0;0;1
96;11;20;32;96;3;96;0;0;0;96;0;0;11;20;32;0;3;0;1;1;1;0;1;4
18;8;72;28;27;2;0;0;0;0;0;0;18;8;72;28;27;2;1;1;0;1;1;1;5
95;91;79;1;63;91;0;91;0;0;0;91;95;0;79;1;63;0;0;0;0;1;0;0;1
3;40;63;44;6;40;0;40;0;0;0;40;3;0;63;44;6;0;1;0;0;0;1;0;2
25;22;6;42;25;33;25;0;0;0;25;0;0;22;6;42;0;33;0;1;1;0;0;1;3
5;96;38;30;5;96;5;96;0;0;5;96;0;0;38;30;0;0;0;0;0;1;0;0;1
83;60;69;29;124;40;0;0;0;0;0;0;83;60;69;29;124;40;0;0;0;1;0;0;1
98;4;15;29;32;4;0;4;0;0;0;4;98;0;15;29;32;0;0;0;1;1;1;0;3
51;76;9;24;34;228;0;0;0;0;0;0;51;76;9;24;34;228;0;0;1;1;1;0;3
43;33;5;12;129;16;0;0;0;0;0;0;43;33;5;12;129;16;0;1;1;1;0;1;4
7;73;2;33;2;24;0;0;2;0;2;0;7;73;0;33;0;24;1;0;0;1;0;1;3
80;60;61;27;26;20;0;0;0;0;0;0;80;60;61;27;26;20;0;0;0;1;1;1;3
38;28;93;31;38;42;38;0;0;0;38;0;0;28;93;31;0;42;0;1;0;1;0;0;2
21;23;68;9;21;7;21;0;0;0;21;0;0;23;68;9;0;7;0;1;0;1;0;1;3
16;64;99;43;48;96;0;0;0;0;0;0;16;64;99;43;48;96;1;0;0;0;0;0;1
51;73;16;35;76;73;0;73;0;0;0;73;51;0;16;35;76;0;0;0;1;1;0;0;2
32;37;82;18;16;74;0;0;0;0;0;0;32;37;82;18;16;74;1;0;0;1;1;0;3
19;48;40;4;38;48;0;48;0;0;0;48;19;0;40;4;38;0;1;0;0;1;0;0;2
55;95;43;23;27;31;0;0;0;0;0;0;55;95;43;23;27;31;0;0;0;1;1;1;3
74;10;98;31;148;3;0;0;0;0;0;0;74;10;98;31;148;3;0;1;0;1;0;1;3
4;98;48;25;4;65;4;0;0;0;4;0;0;98;48;25;0;65;0;0;0;1;0;0;1
48;69;82;42;48;34;48;0;0;0;48;0;0;69;82;42;0;34;0;0;0;0;0;1;1
8;98;42;30;8;32;8;0;0;0;8;0;0;98;42;30;0;32;0;0;0;1;0;1;2
58;86;84;22;174;86;0;86;0;0;0;86;58;0;84;22;174;0;0;0;0;1;0;0;1
90;49;50;24;270;32;0;0;0;0;0;0;90;49;50;24;270;32;0;0;0;1;0;1;2
38;74;48;44;57;74;0;74;0;0;0;74;38;0;48;44;57;0;0;0;0;0;0;0;0
50;31;32;35;100;15;0;0;0;0;0;0;50;31;32;35;100;15;0;1;1;1;0;1;4
12;93;69;27;36;279;0;0;0;0;0;0;12;93;69;27;36;279;1;0;0;1;1;0;3
10;15;44;11;20;7;0;0;0;0;0;0;10;15;44;11;20;7;1;1;0;1;1;1;5
71;65;53;23;35;43;0;0;0;0;0;0;71;65;53;23;35;43;0;0;0;1;1;0;2
60;61;97;6;60;30;60;0;0;0;60;0;0;61;97;6;0;30;0;0;0;1;0;1;2
5;24;20;7;5;72;5;0;0;0;5;0;0;24;20;7;0;72;0;1;1;1;0;0;3
84;98;8;6;126;147;0;0;0;0;0;0;84;98;8;6;126;147;0;0;1;1;0;0;2
28;93;78;24;9;93;0;93;0;0;0;93;28;0;78;24;9;0;1;0;0;1;1;0;3
65;65;91;45;97;130;65;65;0;0;0;0;0;0;91;45;97;130;0;0;0;0;0;0;0
3;31;16;3;3;62;3;0;0;3;3;0;0;31;16;0;0;62;0;1;1;0;0;0;2
18;66;78;7;27;66;0;66;0;0;0;66;18;0;78;7;27;0;1;0;0;1;1;0;3
23;29;93;40;46;58;0;0;0;0;0;0;23;29;93;40;46;58;1;1;0;0;0;0;2
46;81;65;17;46;81;46;81;0;0;46;81;0;0;65;17;0;0;0;0;0;1;0;0;1
98;10;78;30;147;20;0;0;0;0;0;0;98;10;78;30;147;20;0;1;0;1;0;1;3
58;87;54;16;58;174;58;0;0;0;58;0;0;87;54;16;0;174;0;0;0;1;0;0;1
79;90;100;47;158;135;0;0;0;0;0;0;79;90;100;47;158;135;0;0;0;0;0;0;0
20;7;77;12;30;2;0;0;0;0;0;0;20;7;77;12;30;2;1;1;0;1;1;1;5
73;94;54;36;73;62;73;0;0;0;73;0;0;94;54;36;0;62;0;0;0;1;0;0;1
26;92;30;49;17;92;0;92;0;0;0;92;26;0;30;49;17;0;1;0;1;0;1;0;3
76;100;4;18;228;150;0;0;0;0;0;0;76;100;4;18;228;150;0;0;1;1;0;0;2
45;46;33;3;135;46;0;46;0;0;0;46;45;0;33;3;135;0;0;0;1;1;0;0;2
58;68;54;21;87;22;0;0;0;0;0;0;58;68;54;21;87;22;0;0;0;1;0;1;2
47;83;59;5;15;41;0;0;0;0;0;0;47;83;59;5;15;41;0;0;0;1;1;0;2
78;52;71;9;78;52;78;52;0;0;78;52;0;0;71;9;0;0;0;0;0;1;0;0;1
27;41;59;17;27;20;27;0;0;0;27;0;0;41;59;17;0;20;0;0;0;1;0;1;2
11;51;92;7;11;76;11;0;0;0;11;0;0;51;92;7;0;76;0;0;0;1;0;0;1
78;83;58;29;39;83;0;83;0;0;0;83;78;0;58;29;39;0;0;0;0;1;0;0;1
32;5;23;4;96;15;0;0;0;0;0;0;32;5;23;4;96;15;1;1;1;1;0;1;5
21;78;64;12;31;78;0;78;0;0;0;78;21;0;64;12;31;0;1;0;0;1;1;0;3
45;23;23;28;22;7;0;23;23;0;0;0;45;0;0;28;22;7;0;0;0;1;1;1;3
89;8;48;49;89;24;89;0;0;0;89;0;0;8;48;49;0;24;0;1;0;0;0;1;2
22;39;96;27;66;39;0;39;0;0;0;39;22;0;96;27;66;0;1;0;0;1;0;0;2
80;63;46;23;80;189;80;0;0;0;80;0;0;63;46;23;0;189;0;0;0;1;0;0;1
8;12;80;5;24;4;0;0;0;0;0;0;8;12;80;5;24;4;1;1;0;1;1;1;5
91;83;30;25;30;249;0;0;30;0;30;0;91;83;0;25;0;249;0;0;0;1;0;0;1
3;51;72;12;3;102;3;0;0;0;3;0;0;51;72;12;0;102;0;0;0;1;0;0;1
22;84;24;33;22;28;22;0;0;0;22;0;0;84;24;33;0;28;0;0;1;1;0;1;3
19;4;53;5;19;2;19;0;0;0;19;0;0;4;53;5;0;2;0;1;0;1;0;1;3
78;86;11;24;39;43;0;0;0;0;0;0;78;86;11;24;39;43;0;0;1;1;0;0;2
48;5;82;25;16;5;0;5;0;0;0;5;48;0;82;25;16;0;0;0;0;1;1;0;2
1;84;72;30;1;84;1;84;0;0;1;84;0;0;72;30;0;0;0;0;0;1;0;0;1
80;76;85;42;40;50;0;0;0;0;0;0;80;76;85;42;40;50;0;0;0;0;0;0;0
95;58;69;21;95;87;95;0;0;0;95;0;0;58;69;21;0;87;0;0;0;1;0;0;1
41;42;62;28;27;126;0;0;0;0;0;0;41;42;62;28;27;126;0;0;0;1;1;0;2
95;86;69;32;95;86;95;86;0;0;95;86;0;0;69;32;0;0;0;0;0;1;0;0;1
9;73;51;33;4;24;0;0;0;0;0;0;9;73;51;33;4;24;1;0;0;1;1;1;4
89;65;47;16;59;43;0;0;0;0;0;0;89;65;47;16;59;43;0;0;0;1;0;0;1
77;30;71;10;154;60;0;0;0;0;0;0;77;30;71;10;154;60;0;1;0;1;0;0;2
59;75;60;31;39;75;0;75;0;0;0;75;59;0;60;31;39;0;0;0;0;1;0;0;1
56;2;32;13;37;2;0;2;0;0;0;2;56;0;32;13;37;0;0;0;1;1;0;0;2
65;22;44;38;65;22;65;22;0;0;65;22;0;0;44;38;0;0;0;0;0;0;0;0;0
59;97;22;12;88;97;0;97;0;0;0;97;59;0;22;12;88;0;0;0;1;1;0;0;2
14;51;74;14;14;25;14;0;0;14;14;0;0;51;74;0;0;25;0;0;0;0;0;1;1
30;76;100;42;20;114;0;0;0;0;0;0;30;76;100;42;20;114;1;0;0;0;1;0;2
5;66;5;40;7;132;5;0;5;0;0;0;0;66;0;40;7;132;0;0;0;0;1;0;1
71;65;13;44;23;130;0;0;0;0;0;0;71;65;13;44;23;130;0;0;1;0;1;0;2
48;98;67;45;144;196;0;0;0;0;0;0;48;98;67;45;144;196;0;0;0;0;0;0;0
25;52;58;15;25;156;25;0;0;0;25;0;0;52;58;15;0;156;0;0;0;1;0;0;1
29;96;42;15;19;32;0;0;0;0;0;0;29;96;42;15;19;32;1;0;0;1;1;1;4
58;100;80;14;29;300;0;0;0;0;0;0;58;100;80;14;29;300;0;0;0;1;1;0;2
75;9;39;42;112;18;0;0;0;0;0;0;75;9;39;42;112;18;0;1;0;0;0;1;2
69;41;67;5;69;41;69;41;0;0;69;41;0;0;67;5;0;0;0;0;0;1;0;0;1
48;81;56;45;48;162;48;0;0;0;48;0;0;81;56;45;0;162;0;0;0;0;0;0;0
15;41;46;3;15;41;15;41;0;0;15;41;0;0;46;3;0;0;0;0;0;1;0;0;1
96;36;60;15;144;12;0;0;0;0;0;0;96;36;60;15;144;12;0;1;0;1;0;1;3
11;53;74;10;7;26;0;0;0;0;0;0;11;53;74;10;7;26;1;0;0;1;1;1;4
48;63;60;34;48;42;48;0;0;0;48;0;0;63;60;34;0;42;0;0;0;1;0;0;1
72;66;51;27;108;44;0;0;0;0;0;0;72;66;51;27;108;44;0;0;0;1;0;0;1
29;74;81;40;29;148;29;0;0;0;29;0;0;74;81;40;0;148;0;0;0;0;0;0;0
43;52;52;42;21;156;0;52;52;0;0;0;43;0;0;42;21;156;0;0;0;0;1;0;1
28;33;8;45;56;66;0;0;0;0;0;0;28;33;8;45;56;66;1;1;1;0;0;0;3
40;54;86;30;120;54;0;54;0;0;0;54;40;0;86;30;120;0;0;0;0;1;0;0;1
100;97;69;39;33;97;0;97;0;0;0;97;100;0;69;39;33;0;0;0;0;0;1;0;1
30;9;56;46;15;6;0;0;0;0;0;0;30;9;56;46;15;6;1;1;0;0;1;1;4
87;15;22;42;130;15;0;15;0;0;0;15;87;0;22;42;130;0;0;0;1;0;0;0;1
33;61;71;1;11;61;0;61;0;0;0;61;33;0;71;1;11;0;1;0;0;1;1;0;3
60;47;26;23;60;47;60;47;0;0;60;47;0;0;26;23;0;0;0;0;1;1;0;0;2
93;97;67;16;31;97;0;97;0;0;0;97;93;0;67;16;31;0;0;0;0;1;1;0;2
40;24;97;32;40;48;40;0;0;0;40;0;0;24;97;32;0;48;0;1;0;1;0;0;2
54;75;76;21;54;25;54;0;0;0;54;0;0;75;76;21;0;25;0;0;0;1;0;1;2
40;35;90;39;13;23;0;0;0;0;0;0;40;35;90;39;13;23;0;1;0;0;1;1;3
15;20;5;28;15;40;15;0;0;0;15;0;0;20;5;28;0;40;0;1;1;1;0;0;3
62;26;28;49;62;17;62;0;0;0;62;0;0;26;28;49;0;17;0;1;1;0;0;1;3
60;54;59;30;60;162;60;0;0;0;60;0;0;54;59;30;0;162;0;0;0;1;0;0;1
89;35;12;48;133;35;0;35;0;0;0;35;89;0;12;48;133;0;0;0;1;0;0;0;1
95;11;40;45;95;16;95;0;0;0;95;0;0;11;40;45;0;16;0;1;0;0;0;1;2
18;85;41;33;9;85;0;85;0;0;0;85;18;0;41;33;9;0;1;0;0;1;1;0;3
84;13;94;19;42;19;0;0;0;19;0;19;84;13;94;0;42;0;0;1;0;0;0;0;1
7;65;13;35;3;43;0;0;0;0;0;0;7;65;13;35;3;43;1;0;1;1;1;0;4
14;72;80;11;14;108;14;0;0;0;14;0;0;72;80;11;0;108;0;0;0;1;0;0;1
18;57;88;50;54;57;0;57;0;0;0;57;18;0;88;50;54;0;1;0;0;0;0;0;1
96;92;81;49;32;92;0;92;0;0;0;92;96;0;81;49;32;0;0;0;0;0;1;0;1
54;56;90;27;36;37;0;0;0;0;0;0;54;56;90;27;36;37;0;0;0;1;1;0;2
16;34;35;22;32;22;0;0;0;22;0;22;16;34;35;0;32;0;1;1;1;0;1;0;4
67;67;78;27;201;44;67;67;0;0;0;0;0;0;78;27;201;44;0;0;0;1;0;0;1
16;27;56;7;16;9;16;0;0;0;16;0;0;27;56;7;0;9;0;1;0;1;0;1;3
22;52;40;15;22;156;22;0;0;0;22;0;0;52;40;15;0;156;0;0;0;1;0;0;1
50;30;28;42;25;30;0;30;0;0;0;30;50;0;28;42;25;0;0;0;1;0;1;0;2
8;8;44;38;16;8;8;8;0;0;0;8;0;0;44;38;16;0;0;0;0;0;1;0;1
9;7;61;10;27;4;0;0;0;0;0;0;9;7;61;10;27;4;1;1;0;1;1;1;5
14;73;56;46;42;219;0;0;0;0;0;0;14;73;56;46;42;219;1;0;0;0;0;0;1
88;39;100;41;88;39;88;39;0;0;88;39;0;0;100;41;0;0;0;0;0;0;0;0;0
79;93;70;41;158;186;0;0;0;0;0;0;79;93;70;41;158;186;0;0;0;0;0;0;0
68;17;23;31;34;25;0;0;0;0;0;0;68;17;23;31;34;25;0;1;1;1;1;1;5
27;14;72;15;40;14;0;14;0;0;0;14;27;0;72;15;40;0;1;0;0;1;0;0;2
12;8;4;30;8;8;0;8;0;0;8;8;12;0;4;30;0;0;1;0;1;1;0;0;3
90;84;63;44;30;84;0;84;0;0;0;84;90;0;63;44;30;0;0;0;0;0;1;0;1
74;21;66;30;148;7;0;0;0;0;0;0;74;21;66;30;148;7;0;1;0;1;0;1;3
17;71;52;24;25;47;0;0;0;0;0;0;17;71;52;24;25;47;1;0;0;1;1;0;3
34;91;72;35;11;136;0;0;0;0;0;0;34;91;72;35;11;136;1;0;0;1;1;0;3
37;78;63;36;111;234;0;0;0;0;0;0;37;78;63;36;111;234;0;0;0;1;0;0;1
9;87;79;39;9;174;9;0;0;0;9;0;0;87;79;39;0;174;0;0;0;0;0;0;0
49;48;26;5;16;16;0;0;0;0;16;16;49;48;26;5;0;0;0;0;1;1;0;0;2
65;76;76;24;65;38;65;76;76;0;65;0;0;0;0;24;0;38;0;0;0;1;0;0;1
8;54;69;23;5;54;0;54;0;0;0;54;8;0;69;23;5;0;1;0;0;1;1;0;3
64;35;55;32;64;11;64;0;0;0;64;0;0;35;55;32;0;11;0;1;0;1;0;1;3
100;89;79;35;66;29;0;0;0;0;0;0;100;89;79;35;66;29;0;0;0;1;0;1;2
32;19;6;5;96;9;0;0;0;0;0;0;32;19;6;5;96;9;1;1;1;1;0;1;5
55;38;14;17;82;19;0;0;0;0;0;0;55;38;14;17;82;19;0;0;1;1;0;1;3
40;10;36;13;20;5;0;0;0;0;0;0;40;10;36;13;20;5;0;1;1;1;1;1;5
7;84;90;5;10;252;0;0;0;0;0;0;7;84;90;5;10;252;1;0;0;1;1;0;3
12;78;67;1;4;117;0;0;0;0;0;0;12;78;67;1;4;117;1;0;0;1;1;0;3
73;63;42;19;73;42;73;0;42;0;73;42;0;63;0;19;0;0;0;0;0;1;0;0;1
74;24;39;36;74;24;74;24;0;0;74;24;0;0;39;36;0;0;0;0;0;1;0;0;1
68;85;18;32;68;127;68;0;0;0;68;0;0;85;18;32;0;127;0;0;1;1;0;0;2
95;1;32;10;31;0;0;0;0;0;0;0;95;1;32;10;31;0;0;1;1;1;1;1;5
52;18;34;3;104;36;0;0;0;0;0;0;52;18;34;3;104;36;0;1;1;1;0;1;4
80;38;35;30;120;38;0;38;0;0;0;38;80;0;35;30;120;0;0;0;1;1;0;0;2
42;64;31;39;14;96;0;0;0;0;0;0;42;64;31;39;14;96;0;0;1;0;1;0;2
20;75;4;7;60;75;0;75;0;0;0;75;20;0;4;7;60;0;1;0;1;1;0;0;3
22;72;62;33;44;24;0;0;0;0;0;0;22;72;62;33;44;24;1;0;0;1;0;1;3
40;46;71;27;80;15;0;0;0;0;0;0;40;46;71;27;80;15;0;0;0;1;0;1;2
10;83;99;25;5;55;0;0;0;0;0;0;10;83;99;25;5;55;1;0;0;1;1;0;3
25;56;82;20;75;112;0;0;0;0;0;0;25;56;82;20;75;112;1;0;0;1;0;0;2
2;23;67;40;3;34;0;0;0;0;0;0;2;23;67;40;3;34;1;1;0;0;1;1;4
15;40;65;28;5;80;0;0;0;0;0;0;15;40;65;28;5;80;1;0;0;1;1;0;3
45;80;82;28;45;80;45;80;0;0;45;80;0;0;82;28;0;0;0;0;0;1;0;0;1
96;94;91;42;192;94;0;94;0;0;0;94;96;0;91;42;192;0;0;0;0;0;0;0;0
33;71;20;31;66;71;0;71;0;0;0;71;33;0;20;31;66;0;1;0;1;1;0;0;3
38;23;45;9;38;23;38;23;0;0;38;23;0;0;45;9;0;0;0;0;0;1;0;0;1
17;22;75;49;51;22;0;22;0;0;0;22;17;0;75;49;51;0;1;0;0;0;0;0;1
14;49;85;46;4;49;0;49;0;0;0;49;14;0;85;46;4;0;1;0;0;0;1;0;2
17;73;21;23;5;73;0;73;0;0;0;73;17;0;21;23;5;0;1;0;1;1;1;0;4
35;18;54;37;70;18;0;18;0;0;0;18;35;0;54;37;70;0;1;0;0;0;0;0;1
40;21;11;41;20;21;0;21;0;0;0;21;40;0;11;41;20;0;0;0;1;0;1;0;2
32;70;20;10;16;210;0;0;0;0;0;0;32;70;20;10;16;210;1;0;1;1;1;0;4
82;19;43;30;246;6;0;0;0;0;0;0;82;19;43;30;246;6;0;1;0;1;0;1;3
38;66;51;35;38;44;38;0;0;0;38;0;0;66;51;35;0;44;0;0;0;1;0;0;1
71;79;3;26;71;158;71;0;0;0;71;0;0;79;3;26;0;158;0;0;1;1;0;0;2
12;60;68;11;36;30;0;0;0;0;0;0;12;60;68;11;36;30;1;0;0;1;1;1;4
51;7;71;18;51;7;51;7;0;0;51;7;0;0;71;18;0;0;0;0;0;1;0;0;1
15;96;4;13;15;96;15;96;0;0;15;96;0;0;4;13;0;0;0;0;1;1;0;0;2
54;62;97;19;36;20;0;0;0;0;0;0;54;62;97;19;36;20;0;0;0;1;1;1;3
87;46;58;37;261;15;0;0;0;0;0;0;87;46;58;37;261;15;0;0;0;0;0;1;1
48;54;22;31;48;162;48;0;0;0;48;0;0;54;22;31;0;162;0;0;1;1;0;0;2
10;53;72;4;6;17;0;0;0;0;0;0;10;53;72;4;6;17;1;0;0;1;1;1;4
74;85;4;39;74;28;74;0;0;0;74;0;0;85;4;39;0;28;0;0;1;0;0;1;2
35;10;99;11;17;6;0;0;0;0;0;0;35;10;99;11;17;6;1;1;0;1;1;1;5
28;77;86;7;42;77;0;77;0;0;0;77;28;0;86;7;42;0;1;0;0;1;0;0;2
54;95;65;7;27;47;0;0;0;0;0;0;54;95;65;7;27;47;0;0;0;1;1;0;2
71;30;33;50;106;20;0;0;0;0;0;0;71;30;33;50;106;20;0;1;1;0;0;1;3
6;30;67;16;6;45;6;0;0;0;6;0;0;30;67;16;0;45;0;1;0;1;0;0;2
20;39;20;15;60;117;20;0;20;0;0;0;0;39;0;15;60;117;0;0;0;1;0;0;1
83;45;27;41;249;45;0;45;0;0;0;45;83;0;27;41;249;0;0;0;1;0;0;0;1
21;73;93;34;21;24;21;0;0;0;21;0;0;73;93;34;0;24;0;0;0;1;0;1;2
85;27;66;25;85;81;85;0;0;0;85;0;0;27;66;25;0;81;0;1;0;1;0;0;2
61;33;60;34;183;22;0;0;0;0;0;0;61;33;60;34;183;22;0;1;0;1;0;1;3
2;81;54;23;2;54;2;0;54;0;2;54;0;81;0;23;0;0;0;0;0;1;0;0;1
7;38;92;14;7;38;7;38;0;0;7;38;0;0;92;14;0;0;0;0;0;1;0;0;1
68;35;52;6;68;23;68;0;0;0;68;0;0;35;52;6;0;23;0;1;0;1;0;1;3
93;14;14;30;46;28;0;14;14;0;0;0;93;0;0;30;46;28;0;0;0;1;0;1;2
29;2;81;19;29;2;29;2;0;0;29;2;0;0;81;19;0;0;0;0;0;1;0;0;1
89;24;29;22;267;24;0;24;0;0;0;24;89;0;29;22;267;0;0;0;1;1;0;0;2
37;14;30;35;37;21;37;0;0;0;37;0;0;14;30;35;0;21;0;1;1;1;0;1;4
28;45;80;21;56;67;0;0;0;0;0;0;28;45;80;21;56;67;1;0;0;1;0;0;2
26;99;94;47;39;99;0;99;0;0;0;99;26;0;94;47;39;0;1;0;0;0;0;0;1
19;47;38;6;19;70;19;0;0;0;19;0;0;47;38;6;0;70;0;0;0;1;0;0;1
60;84;12;24;60;252;60;0;0;0;60;0;0;84;12;24;0;252;0;0;1;1;0;0;2
6;67;62;23;6;67;6;67;0;0;6;67;0;0;62;23;0;0;0;0;0;1;0;0;1
73;43;29;48;36;64;0;0;0;0;0;0;73;43;29;48;36;64;0;0;1;0;1;0;2
95;24;38;29;285;12;0;0;0;0;0;0;95;24;38;29;285;12;0;1;0;1;0;1;3
82;49;48;31;54;32;0;0;0;0;0;0;82;49;48;31;54;32;0;0;0;1;0;1;2
74;29;89;13;148;87;0;0;0;0;0;0;74;29;89;13;148;87;0;1;0;1;0;0;2
81;43;71;49;243;43;0;43;0;0;0;43;81;0;71;49;243;0;0;0;0;0;0;0;0
57;62;76;47;28;62;0;62;0;0;0;62;57;0;76;47;28;0;0;0;0;0;1;0;1
71;5;67;21;71;7;71;0;0;0;71;0;0;5;67;21;0;7;0;1;0;1;0;1;3
6;91;25;27;2;273;0;0;0;0;0;0;6;91;25;27;2;273;1;0;1;1;1;0;4
100;61;25;35;150;61;0;61;0;0;0;61;100;0;25;35;150;0;0;0;1;1;0;0;2
6;36;13;37;18;108;0;0;0;0;0;0;6;36;13;37;18;108;1;1;1;0;1;0;4
78;55;18;10;156;82;0;0;0;0;0;0;78;55;18;10;156;82;0;0;1;1;0;0;2
45;19;91;5;30;6;0;0;0;0;0;0;45;19;91;5;30;6;0;1;0;1;1;1;4
89;17;86;48;89;17;89;17;0;0;89;17;0;0;86;48;0;0;0;0;0;0;0;0;0
87;29;71;4;261;43;0;0;0;0;0;0;87;29;71;4;261;43;0;1;0;1;0;0;2
71;2;81;11;47;2;0;2;0;0;0;2;71;0;81;11;47;0;0;0;0;1;0;0;1
53;37;33;4;17;55;0;0;0;0;0;0;53;37;33;4;17;55;0;0;1;1;1;0;3
54;29;79;41;18;29;0;29;0;0;0;29;54;0;79;41;18;0;0;0;0;0;1;0;1
99;61;94;34;148;30;0;0;0;0;0;0;99;61;94;34;148;30;0;0;0;1;0;1;2
7;52;35;15;7;78;7;0;0;0;7;0;0;52;35;15;0;78;0;0;1;1;0;0;2
83;92;58;34;41;92;0;92;0;0;0;92;83;0;58;34;41;0;0;0;0;1;0;0;1
76;4;34;42;114;4;0;4;0;0;0;4;76;0;34;42;114;0;0;0;1;0;0;0;1
58;89;37;31;174;267;0;0;0;0;0;0;58;89;37;31;174;267;0;0;0;1;0;0;1
74;6;81;12;74;4;74;0;0;0;74;0;0;6;81;12;0;4;0;1;0;1;0;1;3
6;66;86;27;4;66;0;66;0;0;0;66;6;0;86;27;4;0;1;0;0;1;1;0;3
73;80;71;40;146;240;0;0;0;0;0;0;73;80;71;40;146;240;0;0;0;0;0;0;0
13;99;8;49;6;66;0;0;0;0;0;0;13;99;8;49;6;66;1;0;1;0;1;0;3
49;44;76;32;73;44;0;44;0;0;0;44;49;0;76;32;73;0;0;0;0;1;0;0;1
30;53;69;26;30;106;30;0;0;0;30;0;0;53;69;26;0;106;0;0;0;1;0;0;1
67;59;1;24;134;118;0;0;0;0;0;0;67;59;1;24;134;118;0;0;1;1;0;0;2
37;7;67;32;111;3;0;0;0;0;0;0;37;7;67;32;111;3;0;1;0;1;0;1;3
99;65;97;9;66;97;0;0;97;0;0;97;99;65;0;9;66;0;0;0;0;1;0;0;1
27;89;13;35;27;178;27;0;0;0;27;0;0;89;13;35;0;178;0;0;1;1;0;0;2
17;13;73;42;17;19;17;0;0;0;17;0;0;13;73;42;0;19;0;1;0;0;0;1;2
63;77;80;48;63;38;63;0;0;0;63;0;0;77;80;48;0;38;0;0;0;0;0;0;0
75;38;87;48;112;57;0;0;0;0;0;0;75;38;87;48;112;57;0;0;0;0;0;0;0
95;82;99;22;31;82;0;82;0;0;0;82;95;0;99;22;31;0;0;0;0;1;1;0;2
5;25;24;12;7;50;0;0;0;0;0;0;5;25;24;12;7;50;1;1;1;1;1;0;5
50;9;43;48;16;9;0;9;0;0;0;9;50;0;43;48;16;0;0;0;0;0;1;0;1
5;76;26;17;7;152;0;0;0;0;0;0;5;76;26;17;7;152;1;0;1;1;1;0;4
24;53;83;22;8;26;0;0;0;0;0;0;24;53;83;22;8;26;1;0;0;1;1;1;4
52;9;34;8;52;3;52;0;0;0;52;0;0;9;34;8;0;3;0;1;1;1;0;1;4
41;1;71;5;20;0;0;0;0;0;0;0;41;1;71;5;20;0;0;1;0;1;1;1;4
25;33;16;40;37;99;0;0;0;0;0;0;25;33;16;40;37;99;1;1;1;0;0;0;3
17;81;24;45;17;54;17;0;0;0;17;0;0;81;24;45;0;54;0;0;1;0;0;0;1
82;17;45;37;54;17;0;17;0;0;0;17;82;0;45;37;54;0;0;0;0;0;0;0;0
90;42;97;32;90;42;90;42;0;0;90;42;0;0;97;32;0;0;0;0;0;1;0;0;1
32;68;89;4;32;68;32;68;0;0;32;68;0;0;89;4;0;0;0;0;0;1;0;0;1
56;81;95;28;112;81;0;81;0;0;0;81;56;0;95;28;112;0;0;0;0;1;0;0;1
45;62;56;39;90;124;0;0;0;0;0;0;45;62;56;39;90;124;0;0;0;0;0;0;0
27;44;76;33;27;22;27;0;0;0;27;0;0;44;76;33;0;22;0;0;0;1;0;1;2
3;52;6;33;3;52;3;52;0;0;3;52;0;0;6;33;0;0;0;0;1;1;0;0;2
14;67;2;48;7;67;0;67;0;0;0;67;14;0;2;48;7;0;1;0;1;0;1;0;3
61;8;85;36;40;16;0;0;0;0;0;0;61;8;85;36;40;16;0;1;0;1;0;1;3
60;56;27;42;120;168;0;0;0;0;0;0;60;56;27;42;120;168;0;0;1;0;0;0;1
6;70;46;46;3;105;0;0;46;46;0;0;6;70;0;0;3;105;1;0;0;0;1;0;2
34;96;16;32;34;144;34;0;0;0;34;0;0;96;16;32;0;144;0;0;1;1;0;0;2
43;62;18;19;21;124;0;0;0;0;0;0;43;62;18;19;21;124;0;0;1;1;1;0;3
100;10;22;33;100;10;100;10;0;0;100;10;0;0;22;33;0;0;0;0;1;1;0;0;2
39;40;52;49;78;20;0;0;0;0;0;0;39;40;52;49;78;20;0;0;0;0;0;1;1
77;63;27;24;154;42;0;0;0;0;0;0;77;63;27;24;154;42;0;0;1;1;0;0;2
15;85;41;42;15;42;15;0;0;42;15;42;0;85;41;0;0;0;0;0;0;0;0;0;0
27;60;45;30;27;120;27;0;0;0;27;0;0;60;45;30;0;120;0;0;0;1;0;0;1
37;74;44;47;24;74;0;74;0;0;0;74;37;0;44;47;24;0;0;0;0;0;1;0;1
29;17;92;38;58;34;0;0;0;0;0;0;29;17;92;38;58;34;1;1;0;0;0;1;3
100;26;69;22;100;78;100;0;0;0;100;0;0;26;69;22;0;78;0;1;0;1;0;0;2
25;21;71;19;75;14;0;0;0;0;0;0;25;21;71;19;75;14;1;1;0;1;0;1;4
78;24;68;39;156;36;0;0;0;0;0;0;78;24;68;39;156;36;0;1;0;0;0;1;2
13;29;9;40;13;43;13;0;0;0;13;0;0;29;9;40;0;43;0;1;1;0;0;0;2
17;13;78;40;17;13;17;13;0;0;17;13;0;0;78;40;0;0;0;0;0;0;0;0;0
75;3;29;26;75;6;75;0;0;0;75;0;0;3;29;26;0;6;0;1;1;1;0;1;4
94;12;84;36;282;18;0;0;0;0;0;0;94;12;84;36;282;18;0;1;0;1;0;1;3
65;96;64;24;43;192;0;0;0;0;0;0;65;96;64;24;43;192;0;0;0;1;0;0;1
83;12;96;8;41;24;0;0;0;0;0;0;83;12;96;8;41;24;0;1;0;1;0;1;3
11;5;42;38;3;5;0;5;0;0;0;5;11;0;42;38;3;0;1;0;0;0;1;0;2
71;17;16;30;35;5;0;0;0;0;0;0;71;17;16;30;35;5;0;1;1;1;1;1;5
92;52;4;39;184;156;0;0;0;0;0;0;92;52;4;39;184;156;0;0;1;0;0;0;1
74;3;46;19;111;6;0;0;0;0;0;0;74;3;46;19;111;6;0;1;0;1;0;1;3
5;8;84;46;3;8;0;8;0;0;0;8;5;0;84;46;3;0;1;0;0;0;1;0;2
25;52;12;19;16;156;0;0;0;0;0;0;25;52;12;19;16;156;1;0;1;1;1;0;4
50;66;74;17;75;132;0;0;0;0;0;0;50;66;74;17;75;132;0;0;0;1;0;0;1
70;82;95;33;23;246;0;0;0;0;0;0;70;82;95;33;23;246;0;0;0;1;1;0;2
83;40;12;25;55;26;0;0;0;0;0;0;83;40;12;25;55;26;0;0;1;1;0;1;3
51;34;36;36;102;34;0;34;36;36;0;34;51;0;0;0;102;0;0;0;0;0;0;0;0
80;79;93;21;80;26;80;0;0;0;80;0;0;79;93;21;0;26;0;0;0;1;0;1;2
8;74;53;32;8;49;8;0;0;0;8;0;0;74;53;32;0;49;0;0;0;1;0;0;1
23;32;16;42;11;32;0;32;0;0;0;32;23;0;16;42;11;0;1;0;1;0;1;0;3
47;11;31;34;141;22;0;0;0;0;0;0;47;11;31;34;141;22;0;1;1;1;0;1;4
38;72;35;18;57;48;0;0;0;0;0;0;38;72;35;18;57;48;0;0;1;1;0;0;2
65;5;95;16;97;5;0;5;0;0;0;5;65;0;95;16;97;0;0;0;0;1;0;0;1
92;26;50;31;92;8;92;0;0;0;92;0;0;26;50;31;0;8;0;1;0;1;0;1;3
13;88;16;19;39;176;0;0;0;0;0;0;13;88;16;19;39;176;1;0;1;1;0;0;3
74;20;59;32;49;20;0;20;0;0;0;20;74;0;59;32;49;0;0;0;0;1;0;0;1
75;31;18;1;37;46;0;0;0;0;0;0;75;31;18;1;37;46;0;1;1;1;0;0;3
42;92;79;32;42;46;42;0;0;0;42;0;0;92;79;32;0;46;0;0;0;1;0;0;1
97;36;48;10;48;54;0;0;48;0;48;0;97;36;0;10;0;54;0;1;0;1;0;0;2
26;50;27;2;52;25;0;0;0;0;0;0;26;50;27;2;52;25;1;0;1;1;0;1;4
26;44;1;11;13;66;0;0;0;0;0;0;26;44;1;11;13;66;1;0;1;1;1;0;4
79;88;72;23;26;264;0;0;0;0;0;0;79;88;72;23;26;264;0;0;0;1;1;0;2
2;84;33;43;2;84;2;84;0;0;2;84;0;0;33;43;0;0;0;0;1;0;0;0;1
66;82;10;28;132;54;0;0;0;0;0;0;66;82;10;28;132;54;0;0;1;1;0;0;2
53;73;7;25;159;48;0;0;0;0;0;0;53;73;7;25;159;48;0;0;1;1;0;0;2
49;13;85;23;49;13;49;13;0;0;49;13;0;0;85;23;0;0;0;0;0;1;0;0;1
97;29;96;30;97;29;97;29;0;0;97;29;0;0;96;30;0;0;0;0;0;1;0;0;1
59;56;69;5;19;28;0;0;0;0;0;0;59;56;69;5;19;28;0;0;0;1;1;1;3
19;11;46;20;6;5;0;0;0;0;0;0;19;11;46;20;6;5;1;1;0;1;1;1;5
17;81;19;45;17;54;17;0;0;0;17;0;0;81;19;45;0;54;0;0;1;0;0;0;1
57;79;78;50;19;79;0;79;0;0;0;79;57;0;78;50;19;0;0;0;0;0;1;0;1
28;61;4;34;28;91;28;0;0;0;28;0;0;61;4;34;0;91;0;0;1;1;0;0;2
34;34;77;18;34;102;34;34;0;0;34;0;0;0;77;18;0;102;0;0;0;1;0;0;1
34;22;78;3;34;14;34;0;0;0;34;0;0;22;78;3;0;14;0;1;0;1;0;1;3
90;92;73;38;45;61;0;0;0;0;0;0;90;92;73;38;45;61;0;0;0;0;0;0;0
1;23;26;26;1;34;1;0;26;26;1;0;0;23;0;0;0;34;0;1;0;0;0;1;2
89;70;83;2;267;140;0;0;0;0;0;0;89;70;83;2;267;140;0;0;0;1;0;0;1
85;83;49;15;28;249;0;0;0;0;0;0;85;83;49;15;28;249;0;0;0;1;1;0;2
29;19;61;40;87;28;0;0;0;0;0;0;29;19;61;40;87;28;1;1;0;0;0;1;3
64;64;100;8;42;64;64;64;0;0;0;64;0;0;100;8;42;0;0;0;0;1;0;0;1
78;2;22;30;52;0;0;0;0;0;0;0;78;2;22;30;52;0;0;1;1;1;0;1;4
28;58;96;18;28;19;28;0;0;0;28;0;0;58;96;18;0;19;0;0;0;1;0;1;2
31;87;41;3;15;43;0;0;0;0;0;0;31;87;41;3;15;43;1;0;0;1;1;0;3
54;88;4;12;108;88;0;88;0;0;0;88;54;0;4;12;108;0;0;0;1;1;0;0;2
40;15;15;19;13;15;0;15;15;0;0;15;40;0;0;19;13;0;0;0;0;1;1;0;2
28;79;94;4;28;118;28;0;0;0;28;0;0;79;94;4;0;118;0;0;0;1;0;0;1
36;17;57;11;12;34;0;0;0;0;0;0;36;17;57;11;12;34;1;1;0;1;1;1;5
16;60;22;32;16;20;16;0;0;0;16;0;0;60;22;32;0;20;0;0;1;1;0;1;3
46;28;35;44;69;28;0;28;0;0;0;28;46;0;35;44;69;0;0;0;1;0;0;0;1
53;4;74;24;79;2;0;0;0;0;0;0;53;4;74;24;79;2;0;1;0;1;0;1;3
42;20;15;34;63;20;0;20;0;0;0;20;42;0;15;34;63;0;0;0;1;1;0;0;2
87;3;58;8;29;6;0;0;0;0;0;0;87;3;58;8;29;6;0;1;0;1;1;1;4
65;20;99;32;130;30;0;0;0;0;0;0;65;20;99;32;130;30;0;1;0;1;0;1;3
13;81;88;27;13;81;13;81;0;0;13;81;0;0;88;27;0;0;0;0;0;1;0;0;1
44;35;89;2;66;35;0;35;0;0;0;35;44;0;89;2;66;0;0;0;0;1;0;0;1
47;99;2;20;47;198;47;0;0;0;47;0;0;99;2;20;0;198;0;0;1;1;0;0;2
51;43;26;1;51;86;51;0;0;0;51;0;0;43;26;1;0;86;0;0;1;1;0;0;2
81;94;44;23;81;62;81;0;0;0;81;0;0;94;44;23;0;62;0;0;0;1;0;0;1
75;84;71;30;75;56;75;0;0;0;75;0;0;84;71;30;0;56;0;0;0;1;0;0;1
2;4;16;14;0;8;0;0;0;0;0;0;2;4;16;14;0;8;1;1;1;1;1;1;6
77;6;63;38;51;6;0;6;0;0;0;6;77;0;63;38;51;0;0;0;0;0;0;0;0
20;39;24;1;13;26;0;0;0;0;0;0;20;39;24;1;13;26;1;0;1;1;1;1;5
100;7;29;49;300;7;0;7;0;0;0;7;100;0;29;49;300;0;0;0;1;0;0;0;1
20;93;67;10;10;46;0;0;0;10;10;0;20;93;67;0;0;46;1;0;0;0;0;0;1
47;11;33;11;141;3;0;11;0;11;0;0;47;0;33;0;141;3;0;0;1;0;0;1;2
45;44;14;14;135;22;0;0;14;14;0;0;45;44;0;0;135;22;0;0;0;0;0;1;1
74;86;45;7;111;43;0;0;0;0;0;0;74;86;45;7;111;43;0;0;0;1;0;0;1
38;40;46;16;57;13;0;0;0;0;0;0;38;40;46;16;57;13;0;0;0;1;0;1;2
52;39;12;7;156;19;0;0;0;0;0;0;52;39;12;7;156;19;0;0;1;1;0;1;3
22;6;82;8;22;9;22;0;0;0;22;0;0;6;82;8;0;9;0;1;0;1;0;1;3
53;90;10;48;159;135;0;0;0;0;0;0;53;90;10;48;159;135;0;0;1;0;0;0;1
83;43;30;4;83;129;83;0;0;0;83;0;0;43;30;4;0;129;0;0;1;1;0;0;2
80;54;36;2;26;54;0;54;0;0;0;54;80;0;36;2;26;0;0;0;1;1;1;0;3
21;21;15;29;31;63;21;21;0;0;0;0;0;0;15;29;31;63;0;0;1;1;1;0;3
35;50;16;24;11;33;0;0;0;0;0;0;35;50;16;24;11;33;1;0;1;1;1;1;5
78;61;89;33;117;40;0;0;0;0;0;0;78;61;89;33;117;40;0;0;0;1;0;0;1
94;97;53;10;47;48;0;0;0;0;0;0;94;97;53;10;47;48;0;0;0;1;0;0;1
21;3;65;13;21;2;21;0;0;0;21;0;0;3;65;13;0;2;0;1;0;1;0;1;3
99;36;49;48;198;72;0;0;0;0;0;0;99;36;49;48;198;72;0;1;0;0;0;0;1
34;44;41;10;34;44;34;44;0;0;34;44;0;0;41;10;0;0;0;0;0;1;0;0;1
99;73;82;43;33;73;0;73;0;0;0;73;99;0;82;43;33;0;0;0;0;0;1;0;1
90;47;92;29;90;70;90;0;0;0;90;0;0;47;92;29;0;70;0;0;0;1;0;0;1
88;54;76;32;264;36;0;0;0;0;0;0;88;54;76;32;264;36;0;0;0;1;0;1;2
60;94;27;38;180;141;0;0;0;0;0;0;60;94;27;38;180;141;0;0;1;0;0;0;1
70;50;57;47;70;25;70;0;0;0;70;0;0;50;57;47;0;25;0;0;0;0;0;1;1
78;52;11;42;117;34;0;0;0;0;0;0;78;52;11;42;117;34;0;0;1;0;0;1;2
61;48;41;34;20;72;0;0;0;0;0;0;61;48;41;34;20;72;0;0;0;1;1;0;2
49;8;20;50;147;24;0;0;0;0;0;0;49;8;20;50;147;24;0;1;1;0;0;1;3
36;59;61;11;72;118;0;0;0;0;0;0;36;59;61;11;72;118;1;0;0;1;0;0;2
77;91;68;36;115;182;0;0;0;0;0;0;77;91;68;36;115;182;0;0;0;1;0;0;1
2;41;75;30;2;13;2;0;0;0;2;0;0;41;75;30;0;13;0;0;0;1;0;1;2
78;94;46;17;78;47;78;0;0;0;78;0;0;94;46;17;0;47;0;0;0;1;0;0;1
9;56;73;28;13;56;0;56;0;0;0;56;9;0;73;28;13;0;1;0;0;1;1;0;3
95;19;94;22;285;19;0;19;0;0;0;19;95;0;94;22;285;0;0;0;0;1;0;0;1
22;6;78;35;22;4;22;0;0;0;22;0;0;6;78;35;0;4;0;1;0;1;0;1;3
23;98;78;13;23;98;23;98;0;0;23;98;0;0;78;13;0;0;0;0;0;1;0;0;1
42;14;76;29;84;7;0;0;0;0;0;0;42;14;76;29;84;7;0;1;0;1;0;1;3
56;1;18;30;56;3;56;0;0;0;56;0;0;1;18;30;0;3;0;1;1;1;0;1;4
50;15;4;7;50;5;50;0;0;0;50;0;0;15;4;7;0;5;0;1;1;1;0;1;4
55;64;25;22;18;192;0;0;0;0;0;0;55;64;25;22;18;192;0;0;1;1;1;0;3
44;46;57;7;66;92;0;0;0;0;0;0;44;46;57;7;66;92;0;0;0;1;0;0;1
64;8;9;9;21;4;0;0;9;9;0;0;64;8;0;0;21;4;0;1;0;0;1;1;3
41;30;5;47;27;30;0;30;0;0;0;30;41;0;5;47;27;0;0;0;1;0;1;0;2
62;68;25;48;93;68;0;68;0;0;0;68;62;0;25;48;93;0;0;0;1;0;0;0;1
17;18;40;9;17;12;17;0;0;0;17;0;0;18;40;9;0;12;0;1;0;1;0;1;3
18;6;89;12;36;3;0;0;0;0;0;0;18;6;89;12;36;3;1;1;0;1;1;1;5
62;99;36;42;31;33;0;0;0;0;0;0;62;99;36;42;31;33;0;0;1;0;1;1;3
61;98;15;11;91;98;0;98;0;0;0;98;61;0;15;11;91;0;0;0;1;1;0;0;2
32;50;49;18;21;50;0;50;0;0;0;50;32;0;49;18;21;0;1;0;0;1;1;0;3
60;74;35;38;60;24;60;0;0;0;60;0;0;74;35;38;0;24;0;0;1;0;0;1;2
8;80;84;7;2;160;0;0;0;0;0;0;8;80;84;7;2;160;1;0;0;1;1;0;3
3;22;42;42;4;11;0;0;42;42;0;0;3;22;0;0;4;11;1;1;0;0;1;1;4
84;44;44;12;56;44;0;44;44;0;0;44;84;0;0;12;56;0;0;0;0;1;0;0;1
1;43;81;34;1;129;1;0;0;0;1;0;0;43;81;34;0;129;0;0;0;1;0;0;1
65;7;96;33;130;10;0;0;0;0;0;0;65;7;96;33;130;10;0;1;0;1;0;1;3
90;1;20;11;30;1;0;1;0;0;0;1;90;0;20;11;30;0;0;0;1;1;1;0;3
86;57;70;18;172;171;0;0;0;0;0;0;86;57;70;18;172;171;0;0;0;1;0;0;1
96;88;78;45;96;264;96;0;0;0;96;0;0;88;78;45;0;264;0;0;0;0;0;0;0
2;98;19;7;2;98;2;98;0;0;2;98;0;0;19;7;0;0;0;0;1;1;0;0;2
98;28;75;28;49;56;0;28;0;28;0;0;98;0;75;0;49;56;0;0;0;0;0;0;0
95;66;5;16;47;198;0;0;0;0;0;0;95;66;5;16;47;198;0;0;1;1;0;0;2
21;14;89;40;10;9;0;0;0;0;0;0;21;14;89;40;10;9;1;1;0;0;1;1;4
17;75;37;42;34;75;0;75;0;0;0;75;17;0;37;42;34;0;1;0;0;0;1;0;2
17;42;35;29;17;42;17;42;0;0;17;42;0;0;35;29;0;0;0;0;1;1;0;0;2
70;59;73;8;35;39;0;0;0;0;0;0;70;59;73;8;35;39;0;0;0;1;1;0;2
72;80;6;3;36;80;0;80;0;0;0;80;72;0;6;3;36;0;0;0;1;1;1;0;3
77;93;52;37;154;46;0;0;0;0;0;0;77;93;52;37;154;46;0;0;0;0;0;0;0
46;53;34;41;46;106;46;0;0;0;46;0;0;53;34;41;0;106;0;0;1;0;0;0;1
57;62;40;11;57;186;57;0;0;0;57;0;0;62;40;11;0;186;0;0;0;1;0;0;1
18;44;58;32;36;44;0;44;0;0;0;44;18;0;58;32;36;0;1;0;0;1;1;0;3
96;36;43;17;144;108;0;0;0;0;0;0;96;36;43;17;144;108;0;1;0;1;0;0;2
13;78;92;34;8;78;0;78;0;0;0;78;13;0;92;34;8;0;1;0;0;1;1;0;3
21;43;86;13;42;86;0;0;86;0;0;86;21;43;0;13;42;0;1;0;0;1;0;0;2
59;8;60;39;19;5;0;0;0;0;0;0;59;8;60;39;19;5;0;1;0;0;1;1;3
67;80;27;10;33;80;0;80;0;0;0;80;67;0;27;10;33;0;0;0;1;1;1;0;3
1;6;91;26;3;6;0;6;0;0;0;6;1;0;91;26;3;0;1;0;0;1;1;0;3
14;33;41;38;42;22;0;0;0;0;0;0;14;33;41;38;42;22;1;1;0;0;0;1;3
13;8;30;8;19;24;0;8;0;8;0;0;13;0;30;0;19;24;1;0;1;0;1;1;4
83;89;23;41;83;89;83;89;0;0;83;89;0;0;23;41;0;0;0;0;1;0;0;0;1
56;59;68;21;56;59;56;59;0;0;56;59;0;0;68;21;0;0;0;0;0;1;0;0;1
60;41;74;40;40;41;0;41;0;40;40;41;60;0;74;0;0;0;0;0;0;0;0;0;0
95;14;83;5;47;14;0;14;0;0;0;14;95;0;83;5;47;0;0;0;0;1;0;0;1
95;20;40;7;95;30;95;0;0;0;95;0;0;20;40;7;0;30;0;1;0;1;0;1;3
100;98;81;44;300;65;0;0;0;0;0;0;100;98;81;44;300;65;0;0;0;0;0;0;0
29;62;96;6;43;124;0;0;0;0;0;0;29;62;96;6;43;124;1;0;0;1;0;0;2
98;46;99;35;49;46;0;46;0;0;0;46;98;0;99;35;49;0;0;0;0;1;0;0;1
76;17;53;42;76;5;76;0;0;0;76;0;0;17;53;42;0;5;0;1;0;0;0;1;2
86;21;40;14;57;7;0;0;0;0;0;0;86;21;40;14;57;7;0;1;0;1;0;1;3
65;41;67;31;130;82;0;0;0;0;0;0;65;41;67;31;130;82;0;0;0;1;0;0;1
93;62;87;7;62;93;93;62;0;0;62;93;0;0;87;7;0;0;0;0;0;1;0;0;1
24;6;29;25;36;4;0;0;0;0;0;0;24;6;29;25;36;4;1;1;1;1;1;1;6
11;93;38;15;22;46;0;0;0;0;0;0;11;93;38;15;22;46;1;0;0;1;1;0;3
92;42;17;37;30;126;0;0;0;0;0;0;92;42;17;37;30;126;0;0;1;0;1;0;2
80;53;50;28;40;53;0;53;0;0;0;53;80;0;50;28;40;0;0;0;0;1;0;0;1
100;40;40;6;100;20;100;40;40;0;100;0;0;0;0;6;0;20;0;0;0;1;0;1;2
6;73;50;3;6;48;6;0;0;0;6;0;0;73;50;3;0;48;0;0;0;1;0;0;1
91;68;95;22;45;102;0;0;0;0;0;0;91;68;95;22;45;102;0;0;0;1;0;0;1
81;32;86;4;243;96;0;0;0;0;0;0;81;32;86;4;243;96;0;1;0;1;0;0;2
59;88;22;30;118;176;0;0;0;0;0;0;59;88;22;30;118;176;0;0;1;1;0;0;2
86;82;44;50;57;164;0;0;0;0;0;0;86;82;44;50;57;164;0;0;0;0;0;0;0
72;29;86;22;72;58;72;0;0;0;72;0;0;29;86;22;0;58;0;1;0;1;0;0;2
83;65;17;32;55;130;0;0;0;0;0;0;83;65;17;32;55;130;0;0;1;1;0;0;2
74;49;92;18;148;49;0;49;0;0;0;49;74;0;92;18;148;0;0;0;0;1;0;0;1
38;96;24;42;76;96;0;96;0;0;0;96;38;0;24;42;76;0;0;0;1;0;0;0;1
12;12;54;13;12;36;12;12;0;0;12;0;0;0;54;13;0;36;0;0;0;1;0;1;2
11;30;27;46;22;30;0;30;0;0;0;30;11;0;27;46;22;0;1;0;1;0;1;0;3
94;61;54;19;62;61;0;61;0;0;0;61;94;0;54;19;62;0;0;0;0;1;0;0;1
5;89;23;17;5;267;5;0;0;0;5;0;0;89;23;17;0;267;0;0;1;1;0;0;2
26;99;100;17;26;198;26;0;0;0;26;0;0;99;100;17;0;198;0;0;0;1;0;0;1
92;26;5;37;46;13;0;0;0;0;0;0;92;26;5;37;46;13;0;1;1;0;0;1;3
41;49;27;25;20;24;0;0;0;0;0;0;41;49;27;25;20;24;0;0;1;1;1;1;4
19;55;77;8;9;36;0;0;0;0;0;0;19;55;77;8;9;36;1;0;0;1;1;1;4
46;16;88;47;23;16;0;16;0;0;0;16;46;0;88;47;23;0;0;0;0;0;1;0;1
49;66;23;1;98;132;0;0;0;0;0;0;49;66;23;1;98;132;0;0;1;1;0;0;2
76;23;66;25;228;23;0;23;0;0;0;23;76;0;66;25;228;0;0;0;0;1;0;0;1
79;26;69;37;79;39;79;0;0;0;79;0;0;26;69;37;0;39;0;1;0;0;0;0;1
53;61;72;17;17;122;0;0;0;17;17;0;53;61;72;0;0;122;0;0;0;0;0;0;0
57;93;3;45;171;139;0;0;0;0;0;0;57;93;3;45;171;139;0;0;1;0;0;0;1
20;30;32;48;20;30;20;30;0;0;20;30;0;0;32;48;0;0;0;0;1;0;0;0;1
80;33;18;45;120;11;0;0;0;0;0;0;80;33;18;45;120;11;0;1;1;0;0;1;3
46;8;71;18;46;12;46;0;0;0;46;0;0;8;71;18;0;12;0;1;0;1;0;1;3
76;54;4;1;25;18;0;0;0;0;0;0;76;54;4;1;25;18;0;0;1;1;1;1;4
85;9;95;19;42;4;0;0;0;0;0;0;85;9;95;19;42;4;0;1;0;1;0;1;3
99;2;88;49;99;2;99;2;0;0;99;2;0;0;88;49;0;0;0;0;0;0;0;0;0
81;96;68;47;162;144;0;0;0;0;0;0;81;96;68;47;162;144;0;0;0;0;0;0;0
91;62;79;49;91;62;91;62;0;0;91;62;0;0;79;49;0;0;0;0;0;0;0;0;0
62;79;8;29;124;158;0;0;0;0;0;0;62;79;8;29;124;158;0;0;1;1;0;0;2
79;11;57;47;26;5;0;0;0;0;0;0;79;11;57;47;26;5;0;1;0;0;1;1;3
77;18;67;37;77;18;77;18;0;0;77;18;0;0;67;37;0;0;0;0;0;0;0;0;0
81;22;3;19;54;44;0;0;0;0;0;0;81;22;3;19;54;44;0;1;1;1;0;0;3
50;85;85;4;150;28;0;85;85;0;0;0;50;0;0;4;150;28;0;0;0;1;0;1;2
59;29;99;30;59;43;59;0;0;0;59;0;0;29;99;30;0;43;0;1;0;1;0;0;2
88;98;16;21;44;49;0;0;0;0;0;0;88;98;16;21;44;49;0;0;1;1;0;0;2
78;53;61;41;156;53;0;53;0;0;0;53;78;0;61;41;156;0;0;0;0;0;0;0;0
6;39;59;33;6;26;6;0;0;0;6;0;0;39;59;33;0;26;0;0;0;1;0;1;2
20;57;47;4;40;114;0;0;0;0;0;0;20;57;47;4;40;114;1;0;0;1;0;0;2
66;44;73;47;66;44;66;44;0;0;66;44;0;0;73;47;0;0;0;0;0;0;0;0;0
3;43;76;23;3;43;3;43;0;0;3;43;0;0;76;23;0;0;0;0;0;1;0;0;1
50;66;94;35;150;66;0;66;0;0;0;66;50;0;94;35;150;0;0;0;0;1;0;0;1
14;57;61;9;4;114;0;0;0;0;0;0;14;57;61;9;4;114;1;0;0;1;1;0;3
69;47;31;17;46;141;0;0;0;0;0;0;69;47;31;17;46;141;0;0;1;1;0;0;2
35;89;87;39;11;89;0;89;0;0;0;89;35;0;87;39;11;0;1;0;0;0;1;0;2
29;58;30;7;43;58;0;58;0;0;0;58;29;0;30;7;43;0;1;0;1;1;0;0;3
18;60;50;3;54;60;0;60;0;0;0;60;18;0;50;3;54;0;1;0;0;1;0;0;2
40;7;8;22;40;21;40;0;0;0;40;0;0;7;8;22;0;21;0;1;1;1;0;1;4
75;40;26;7;225;40;0;40;0;0;0;40;75;0;26;7;225;0;0;0;1;1;0;0;2
47;68;14;41;23;204;0;0;0;0;0;0;47;68;14;41;23;204;0;0;1;0;1;0;2
94;31;70;16;94;10;94;0;0;0;94;0;0;31;70;16;0;10;0;1;0;1;0;1;3
99;53;21;36;297;26;0;0;0;0;0;0;99;53;21;36;297;26;0;0;1;1;0;1;3
52;35;16;44;52;105;52;0;0;0;52;0;0;35;16;44;0;105;0;1;1;0;0;0;2
75;32;82;44;112;64;0;0;0;0;0;0;75;32;82;44;112;64;0;1;0;0;0;0;1
26;14;22;31;8;9;0;0;0;0;0;0;26;14;22;31;8;9;1;1;1;1;1;1;6
69;5;100;27;34;15;0;0;0;0;0;0;69;5;100;27;34;15;0;1;0;1;1;1;4
65;44;80;4;97;132;0;0;0;0;0;0;65;44;80;4;97;132;0;0;0;1;0;0;1
18;62;68;27;27;20;0;0;0;27;27;0;18;62;68;0;0;20;1;0;0;0;0;1;2
52;14;1;1;104;9;0;0;1;1;0;0;52;14;0;0;104;9;0;1;0;0;0;1;2
74;36;99;19;37;108;0;0;0;0;0;0;74;36;99;19;37;108;0;1;0;1;0;0;2
83;17;39;45;55;25;0;0;0;0;0;0;83;17;39;45;55;25;0;1;0;0;0;1;2
74;17;67;25;37;8;0;0;0;0;0;0;74;17;67;25;37;8;0;1;0;1;0;1;3
36;43;50;42;36;21;36;0;0;0;36;0;0;43;50;42;0;21;0;0;0;0;0;1;1
48;46;28;29;48;92;48;0;0;0;48;0;0;46;28;29;0;92;0;0;1;1;0;0;2
45;32;27;48;90;32;0;32;0;0;0;32;45;0;27;48;90;0;0;0;1;0;0;0;1
23;6;57;12;69;2;0;0;0;0;0;0;23;6;57;12;69;2;1;1;0;1;0;1;4
23;44;63;20;15;66;0;0;0;0;0;0;23;44;63;20;15;66;1;0;0;1;1;0;3
35;4;80;31;23;12;0;0;0;0;0;0;35;4;80;31;23;12;1;1;0;1;1;1;5
16;30;72;8;5;90;0;0;0;0;0;0;16;30;72;8;5;90;1;1;0;1;1;0;4
63;55;50;3;42;82;0;0;0;0;0;0;63;55;50;3;42;82;0;0;0;1;0;0;1
93;73;9;15;93;219;93;0;0;0;93;0;0;73;9;15;0;219;0;0;1;1;0;0;2
8;51;44;34;16;51;0;51;0;0;0;51;8;0;44;34;16;0;1;0;0;1;1;0;3
87;64;38;5;29;21;0;0;0;0;0;0;87;64;38;5;29;21;0;0;0;1;1;1;3
80;23;8;10;26;69;0;0;0;0;0;0;80;23;8;10;26;69;0;1;1;1;1;0;4
61;69;25;13;30;207;0;0;0;0;0;0;61;69;25;13;30;207;0;0;1;1;1;0;3
46;32;34;15;15;16;0;0;0;15;15;0;46;32;34;0;0;16;0;1;1;0;0;1;3
8;27;62;7;2;27;0;27;0;0;0;27;8;0;62;7;2;0;1;0;0;1;1;0;3
52;3;8;1;156;3;0;3;0;0;0;3;52;0;8;1;156;0;0;0;1;1;0;0;2
36;81;14;4;72;162;0;0;0;0;0;0;36;81;14;4;72;162;1;0;1;1;0;0;3
92;77;20;48;276;38;0;0;0;0;0;0;92;77;20;48;276;38;0;0;1;0;0;0;1
11;97;57;25;33;48;0;0;0;0;0;0;11;97;57;25;33;48;1;0;0;1;1;0;3
63;75;21;8;63;50;63;0;0;0;63;0;0;75;21;8;0;50;0;0;1;1;0;0;2
91;76;39;25;136;50;0;0;0;0;0;0;91;76;39;25;136;50;0;0;0;1;0;0;1
71;7;66;50;35;3;0;0;0;0;0;0;71;7;66;50;35;3;0;1;0;0;1;1;3
37;71;71;18;37;213;37;71;71;0;37;0;0;0;0;18;0;213;0;0;0;1;0;0;1
72;47;33;5;36;47;0;47;0;0;0;47;72;0;33;5;36;0;0;0;1;1;1;0;3
42;85;73;25;126;127;0;0;0;0;0;0;42;85;73;25;126;127;0;0;0;1;0;0;1
77;37;27;31;77;12;77;0;0;0;77;0;0;37;27;31;0;12;0;0;1;1;0;1;3
13;87;36;18;13;87;13;87;0;0;13;87;0;0;36;18;0;0;0;0;1;1;0;0;2
97;36;72;33;48;12;0;0;0;0;0;0;97;36;72;33;48;12;0;1;0;1;0;1;3
40;82;5;31;13;164;0;0;0;0;0;0;40;82;5;31;13;164;0;0;1;1;1;0;3
82;54;6;34;82;18;82;0;0;0;82;0;0;54;6;34;0;18;0;0;1;1;0;1;3
72;85;61;2;72;255;72;0;0;0;72;0;0;85;61;2;0;255;0;0;0;1;0;0;1
89;7;10;16;44;7;0;7;0;0;0;7;89;0;10;16;44;0;0;0;1;1;0;0;2
82;55;67;34;54;55;0;55;0;0;0;55;82;0;67;34;54;0;0;0;0;1;0;0;1
37;37;60;36;37;55;37;37;0;0;37;0;0;0;60;36;0;55;0;0;0;1;0;0;1
33;32;23;2;99;10;0;0;0;0;0;0;33;32;23;2;99;10;1;1;1;1;0;1;5
40;5;14;20;80;5;0;5;0;0;0;5;40;0;14;20;80;0;0;0;1;1;0;0;2
35;55;96;19;11;55;0;55;0;0;0;55;35;0;96;19;11;0;1;0;0;1;1;0;3
10;1;48;45;10;0;10;0;0;0;10;0;0;1;48;45;0;0;0;1;0;0;0;1;2
62;56;47;9;41;37;0;0;0;0;0;0;62;56;47;9;41;37;0;0;0;1;0;0;1
26;99;90;44;26;99;26;99;0;0;26;99;0;0;90;44;0;0;0;0;0;0;0;0;0
47;15;8;34;23;7;0;0;0;0;0;0;47;15;8;34;23;7;0;1;1;1;1;1;5
26;66;41;4;78;198;0;0;0;0;0;0;26;66;41;4;78;198;1;0;0;1;0;0;2
17;78;16;19;51;39;0;0;0;0;0;0;17;78;16;19;51;39;1;0;1;1;0;0;3
90;35;22;50;90;17;90;0;0;0;90;0;0;35;22;50;0;17;0;1;1;0;0;1;3
45;48;81;43;15;96;0;0;0;0;0;0;45;48;81;43;15;96;0;0;0;0;1;0;1
16;55;99;29;8;55;0;55;0;0;0;55;16;0;99;29;8;0;1;0;0;1;1;0;3
1;16;39;20;0;10;0;0;0;0;0;0;1;16;39;20;0;10;1;1;0;1;1;1;5
47;1;72;7;31;0;0;0;0;0;0;0;47;1;72;7;31;0;0;1;0;1;1;1;4
66;7;22;33;132;3;0;0;0;0;0;0;66;7;22;33;132;3;0;1;1;1;0;1;4
26;55;9;29;39;18;0;0;0;0;0;0;26;55;9;29;39;18;1;0;1;1;0;1;4
29;50;73;15;29;50;29;50;0;0;29;50;0;0;73;15;0;0;0;0;0;1;0;0;1
31;17;99;50;31;51;31;0;0;0;31;0;0;17;99;50;0;51;0;1;0;0;0;0;1
66;19;10;21;132;12;0;0;0;0;0;0;66;19;10;21;132;12;0;1;1;1;0;1;4
59;89;45;7;59;178;59;0;0;0;59;0;0;89;45;7;0;178;0;0;0;1;0;0;1
59;17;4;34;118;11;0;0;0;0;0;0;59;17;4;34;118;11;0;1;1;1;0;1;4
30;3;88;43;30;3;30;3;0;0;30;3;0;0;88;43;0;0;0;0;0;0;0;0;0
91;57;75;20;91;114;91;0;0;0;91;0;0;57;75;20;0;114;0;0;0;1;0;0;1
46;49;73;1;30;24;0;0;0;0;0;0;46;49;73;1;30;24;0;0;0;1;1;1;3
76;89;100;5;76;44;76;0;0;0;76;0;0;89;100;5;0;44;0;0;0;1;0;0;1
29;5;75;7;19;5;0;5;0;0;0;5;29;0;75;7;19;0;1;0;0;1;1;0;3
95;44;3;8;63;132;0;0;0;0;0;0;95;44;3;8;63;132;0;0;1;1;0;0;2
41;53;41;42;20;53;41;53;41;0;0;53;0;0;0;42;20;0;0;0;0;0;1;0;1
42;91;77;50;42;60;42;0;0;0;42;0;0;91;77;50;0;60;0;0;0;0;0;0;0
77;8;71;12;115;8;0;8;0;0;0;8;77;0;71;12;115;0;0;0;0;1;0;0;1
30;70;34;38;30;70;30;70;0;0;30;70;0;0;34;38;0;0;0;0;1;0;0;0;1
23;87;82;48;11;87;0;87;0;0;0;87;23;0;82;48;11;0;1;0;0;0;1;0;2
97;58;45;41;97;174;97;0;0;0;97;0;0;58;45;41;0;174;0;0;0;0;0;0;0
93;16;45;18;279;16;0;16;0;0;0;16;93;0;45;18;279;0;0;0;0;1;0;0;1
45;36;53;14;90;36;0;36;0;0;0;36;45;0;53;14;90;0;0;0;0;1;0;0;1
70;43;38;40;210;43;0;43;0;0;0;43;70;0;38;40;210;0;0;0;0;0;0;0;0
14;98;33;26;14;98;14;98;0;0;14;98;0;0;33;26;0;0;0;0;1;1;0;0;2
89;67;58;20;29;67;0;67;0;0;0;67;89;0;58;20;29;0;0;0;0;1;1;0;2
21;44;89;10;21;44;21;44;0;0;21;44;0;0;89;10;0;0;0;0;0;1;0;0;1
86;94;66;1;258;94;0;94;0;0;0;94;86;0;66;1;258;0;0;0;0;1;0;0;1
57;76;98;11;57;76;57;76;0;0;57;76;0;0;98;11;0;0;0;0;0;1;0;0;1
43;76;18;48;43;76;43;76;0;0;43;76;0;0;18;48;0;0;0;0;1;0;0;0;1
4;67;38;16;6;201;0;0;0;0;0;0;4;67;38;16;6;201;1;0;0;1;1;0;3
44;9;36;3;44;6;44;0;0;0;44;0;0;9;36;3;0;6;0;1;1;1;0;1;4
72;93;12;47;48;279;0;0;0;0;0;0;72;93;12;47;48;279;0;0;1;0;0;0;1
34;18;18;14;22;9;0;18;18;0;0;0;34;0;0;14;22;9;1;0;0;1;1;1;4
9;84;18;42;13;84;0;84;0;0;0;84;9;0;18;42;13;0;1;0;1;0;1;0;3
93;77;31;24;93;77;93;77;0;0;93;77;0;0;31;24;0;0;0;0;1;1;0;0;2
47;69;37;5;141;103;0;0;0;0;0;0;47;69;37;5;141;103;0;0;0;1;0;0;1
43;95;16;21;28;95;0;95;0;0;0;95;43;0;16;21;28;0;0;0;1;1;1;0;3
11;7;66;15;22;21;0;0;0;0;0;0;11;7;66;15;22;21;1;1;0;1;1;1;5
14;12;86;44;9;6;0;0;0;0;0;0;14;12;86;44;9;6;1;1;0;0;1;1;4
6;57;44;31;9;171;0;0;0;0;0;0;6;57;44;31;9;171;1;0;0;1;1;0;3
25;89;82;40;25;89;25;89;0;0;25;89;0;0;82;40;0;0;0;0;0;0;0;0;0
88;22;34;5;176;22;0;22;0;0;0;22;88;0;34;5;176;0;0;0;1;1;0;0;2
27;7;5;47;27;7;27;7;0;0;27;7;0;0;5;47;0;0;0;0;1;0;0;0;1
78;27;1;46;78;9;78;0;0;0;78;0;0;27;1;46;0;9;0;1;1;0;0;1;3
89;74;37;14;29;74;0;74;0;0;0;74;89;0;37;14;29;0;0;0;0;1;1;0;2
38;24;29;45;19;24;0;24;0;0;0;24;38;0;29;45;19;0;0;0;1;0;1;0;2
64;79;90;41;32;26;0;0;0;0;0;0;64;79;90;41;32;26;0;0;0;0;1;1;2
13;90;96;22;26;90;0;90;0;0;0;90;13;0;96;22;26;0;1;0;0;1;1;0;3
50;35;9;49;33;11;0;0;0;0;0;0;50;35;9;49;33;11;0;1;1;0;1;1;4
23;78;28;37;7;26;0;0;0;0;0;0;23;78;28;37;7;26;1;0;1;0;1;1;4
60;5;58;44;20;15;0;0;0;0;0;0;60;5;58;44;20;15;0;1;0;0;1;1;3
13;51;19;19;19;51;0;51;19;19;19;51;13;0;0;0;0;0;1;0;0;0;0;0;1
87;94;19;15;130;282;0;0;0;0;0;0;87;94;19;15;130;282;0;0;1;1;0;0;2
22;38;99;1;33;76;0;0;0;0;0;0;22;38;99;1;33;76;1;0;0;1;1;0;3
35;81;75;48;52;40;0;0;0;0;0;0;35;81;75;48;52;40;1;0;0;0;0;0;1
24;25;93;27;72;50;0;0;0;0;0;0;24;25;93;27;72;50;1;1;0;1;0;0;3
18;55;71;38;36;55;0;55;0;0;0;55;18;0;71;38;36;0;1;0;0;0;1;0;2
68;41;32;1;34;41;0;41;0;0;0;41;68;0;32;1;34;0;0;0;1;1;1;0;3
88;23;21;29;88;15;88;0;0;0;88;0;0;23;21;29;0;15;0;1;1;1;0;1;4
84;85;56;16;84;127;84;0;0;0;84;0;0;85;56;16;0;127;0;0;0;1;0;0;1
89;43;10;30;133;43;0;43;0;0;0;43;89;0;10;30;133;0;0;0;1;1;0;0;2
56;95;73;48;28;95;0;95;0;0;0;95;56;0;73;48;28;0;0;0;0;0;1;0;1
84;62;78;31;56;93;0;0;0;0;0;0;84;62;78;31;56;93;0;0;0;1;0;0;1
29;28;53;15;14;42;0;0;0;0;0;0;29;28;53;15;14;42;1;1;0;1;1;0;4
52;52;52;30;34;26;52;52;52;0;0;0;0;0;0;30;34;26;0;0;0;1;1;1;3
68;2;11;14;68;2;68;2;0;0;68;2;0;0;11;14;0;0;0;0;1;1;0;0;2
12;72;82;8;12;36;12;0;0;0;12;0;0;72;82;8;0;36;0;0;0;1;0;1;2
49;42;21;26;98;21;0;0;21;0;0;21;49;42;0;26;98;0;0;0;0;1;0;0;1
11;65;14;31;11;65;11;65;0;0;11;65;0;0;14;31;0;0;0;0;1;1;0;0;2
25;75;27;48;25;25;25;0;0;0;25;25;0;75;27;48;0;0;0;0;1;0;0;0;1
67;74;68;2;134;37;0;0;0;0;0;0;67;74;68;2;134;37;0;0;0;1;0;0;1
11;1;88;14;33;1;0;1;0;0;0;1;11;0;88;14;33;0;1;0;0;1;1;0;3
89;22;100;32;59;11;0;0;0;0;0;0;89;22;100;32;59;11;0;1;0;1;0;1;3
31;70;85;46;15;70;0;70;0;0;0;70;31;0;85;46;15;0;1;0;0;0;1;0;2
92;48;57;10;276;72;0;0;0;0;0;0;92;48;57;10;276;72;0;0;0;1;0;0;1
97;26;90;17;97;78;97;0;0;0;97;0;0;26;90;17;0;78;0;1;0;1;0;0;2
68;34;70;9;68;34;68;34;0;0;68;34;0;0;70;9;0;0;0;0;0;1;0;0;1
74;50;37;40;74;50;74;50;0;0;74;50;0;0;37;40;0;0;0;0;0;0;0;0;0
15;49;16;25;15;147;15;0;0;0;15;0;0;49;16;25;0;147;0;0;1;1;0;0;2
14;37;91;28;42;74;0;0;0;0;0;0;14;37;91;28;42;74;1;0;0;1;0;0;2
8;82;86;48;16;246;0;0;0;0;0;0;8;82;86;48;16;246;1;0;0;0;1;0;2
71;31;25;48;71;31;71;31;0;0;71;31;0;0;25;48;0;0;0;0;1;0;0;0;1
22;36;48;8;44;72;0;0;0;0;0;0;22;36;48;8;44;72;1;1;0;1;0;0;3
55;28;28;27;55;42;55;28;28;0;55;0;0;0;0;27;0;42;0;0;0;1;0;0;1
14;65;46;2;28;195;0;0;0;0;0;0;14;65;46;2;28;195;1;0;0;1;1;0;3
72;64;93;32;72;21;72;0;0;0;72;0;0;64;93;32;0;21;0;0;0;1;0;1;2
18;94;10;1;18;31;18;0;0;0;18;0;0;94;10;1;0;31;0;0;1;1;0;1;3
15;81;25;43;15;81;15;81;0;0;15;81;0;0;25;43;0;0;0;0;1;0;0;0;1
74;57;78;38;37;38;0;0;0;38;0;38;74;57;78;0;37;0;0;0;0;0;0;0;0
74;99;83;43;49;99;0;99;0;0;0;99;74;0;83;43;49;0;0;0;0;0;0;0;0
30;56;59;19;30;56;30;56;0;0;30;56;0;0;59;19;0;0;0;0;0;1;0;0;1
98;89;46;13;98;29;98;0;0;0;98;0;0;89;46;13;0;29;0;0;0;1;0;1;2
63;41;43;12;42;41;0;41;0;0;0;41;63;0;43;12;42;0;0;0;0;1;0;0;1
33;76;59;27;16;114;0;0;0;0;0;0;33;76;59;27;16;114;1;0;0;1;1;0;3
86;29;26;38;86;19;86;0;0;0;86;0;0;29;26;38;0;19;0;1;1;0;0;1;3
89;89;57;27;178;178;89;89;0;0;178;178;0;0;57;27;0;0;0;0;0;1;0;0;1
73;36;96;28;73;18;73;0;0;0;73;0;0;36;96;28;0;18;0;1;0;1;0;1;3
92;77;46;9;30;38;0;0;0;0;0;0;92;77;46;9;30;38;0;0;0;1;1;0;2
92;64;18;41;92;42;92;0;0;0;92;0;0;64;18;41;0;42;0;0;1;0;0;0;1
55;63;23;5;55;31;55;0;0;0;55;0;0;63;23;5;0;31;0;0;1;1;0;1;3
7;19;99;25;21;57;0;0;0;0;0;0;7;19;99;25;21;57;1;1;0;1;1;0;4
61;51;67;43;40;153;0;0;0;0;0;0;61;51;67;43;40;153;0;0;0;0;0;0;0
44;85;81;7;44;85;44;85;0;0;44;85;0;0;81;7;0;0;0;0;0;1;0;0;1
100;45;96;7;150;45;0;45;0;0;0;45;100;0;96;7;150;0;0;0;0;1;0;0;1
59;32;88;33;88;32;0;32;88;0;88;32;59;0;0;33;0;0;0;0;0;1;0;0;1
76;47;24;41;228;70;0;0;0;0;0;0;76;47;24;41;228;70;0;0;1;0;0;0;1
44;83;35;3;14;55;0;0;0;0;0;0;44;83;35;3;14;55;0;0;1;1;1;0;3
44;5;67;48;29;15;0;0;0;0;0;0;44;5;67;48;29;15;0;1;0;0;1;1;3
74;17;96;4;111;5;0;0;0;0;0;0;74;17;96;4;111;5;0;1;0;1;0;1;3
8;48;11;42;8;48;8;48;0;0;8;48;0;0;11;42;0;0;0;0;1;0;0;0;1
40;32;50;13;80;32;0;32;0;0;0;32;40;0;50;13;80;0;0;0;0;1;0;0;1
18;11;40;14;18;11;18;11;0;0;18;11;0;0;40;14;0;0;0;0;0;1;0;0;1
31;22;81;14;31;66;31;0;0;0;31;0;0;22;81;14;0;66;0;1;0;1;0;0;2
28;25;73;27;28;25;28;25;0;0;28;25;0;0;73;27;0;0;0;0;0;1;0;0;1
32;33;34;38;32;16;32;0;0;0;32;0;0;33;34;38;0;16;0;1;1;0;0;1;3
32;58;55;32;21;38;32;0;0;32;0;0;0;58;55;0;21;38;0;0;0;0;1;0;1
31;23;87;16;31;46;31;0;0;0;31;0;0;23;87;16;0;46;0;1;0;1;0;0;2
58;73;38;7;19;146;0;0;0;0;0;0;58;73;38;7;19;146;0;0;0;1;1;0;2
32;13;54;18;48;13;0;13;0;0;0;13;32;0;54;18;48;0;1;0;0;1;0;0;2
100;47;83;41;50;47;0;47;0;0;0;47;100;0;83;41;50;0;0;0;0;0;0;0;0
74;33;63;47;74;99;74;0;0;0;74;0;0;33;63;47;0;99;0;1;0;0;0;0;1
22;11;100;16;11;3;0;11;0;0;11;0;22;0;100;16;0;3;1;0;0;1;0;1;3
80;14;50;2;80;7;80;0;0;0;80;0;0;14;50;2;0;7;0;1;0;1;0;1;3
49;16;16;35;98;5;0;16;16;0;0;0;49;0;0;35;98;5;0;0;0;1;0;1;2
81;30;76;29;243;10;0;0;0;0;0;0;81;30;76;29;243;10;0;1;0;1;0;1;3
83;69;24;41;249;23;0;0;0;0;0;0;83;69;24;41;249;23;0;0;1;0;0;1;2
30;53;77;47;30;53;30;53;0;0;30;53;0;0;77;47;0;0;0;0;0;0;0;0;0
68;17;38;12;204;25;0;0;0;0;0;0;68;17;38;12;204;25;0;1;0;1;0;1;3
60;38;5;23;30;38;0;38;0;0;0;38;60;0;5;23;30;0;0;0;1;1;1;0;3
51;88;46;26;102;176;0;0;0;0;0;0;51;88;46;26;102;176;0;0;0;1;0;0;1
85;46;69;48;170;23;0;0;0;0;0;0;85;46;69;48;170;23;0;0;0;0;0;1;1
42;8;86;49;63;2;0;0;0;0;0;0;42;8;86;49;63;2;0;1;0;0;0;1;2
74;42;28;50;111;63;0;0;0;0;0;0;74;42;28;50;111;63;0;0;1;0;0;0;1
97;7;35;15;64;7;0;7;0;0;0;7;97;0;35;15;64;0;0;0;1;1;0;0;2
88;60;29;12;88;60;88;60;0;0;88;60;0;0;29;12;0;0;0;0;1;1;0;0;2
71;43;60;12;106;28;0;0;0;0;0;0;71;43;60;12;106;28;0;0;0;1;0;1;2
84;10;17;20;42;6;0;0;0;0;0;0;84;10;17;20;42;6;0;1;1;1;0;1;4
97;42;54;9;64;42;0;42;0;0;0;42;97;0;54;9;64;0;0;0;0;1;0;0;1
64;8;44;41;192;12;0;0;0;0;0;0;64;8;44;41;192;12;0;1;0;0;0;1;2
66;15;38;11;198;22;0;0;0;0;0;0;66;15;38;11;198;22;0;1;0;1;0;1;3
37;4;69;22;18;12;0;0;0;0;0;0;37;4;69;22;18;12;0;1;0;1;1;1;4
18;31;27;3;9;31;0;31;0;0;0;31;18;0;27;3;9;0;1;0;1;1;1;0;4
14;50;39;10;4;150;0;0;0;0;0;0;14;50;39;10;4;150;1;0;0;1;1;0;3
1;52;23;41;3;17;0;0;0;0;0;0;1;52;23;41;3;17;1;0;1;0;1;1;4
53;54;99;8;35;54;0;54;0;0;0;54;53;0;99;8;35;0;0;0;0;1;1;0;2
22;36;64;43;22;108;22;0;0;0;22;0;0;36;64;43;0;108;0;1;0;0;0;0;1
78;42;82;13;26;21;0;0;0;0;0;0;78;42;82;13;26;21;0;0;0;1;1;1;3
38;100;88;47;57;50;0;0;0;0;0;0;38;100;88;47;57;50;0;0;0;0;0;0;0
58;70;17;14;174;46;0;0;0;0;0;0;58;70;17;14;174;46;0;0;1;1;0;0;2
91;14;70;12;91;21;91;0;0;0;91;0;0;14;70;12;0;21;0;1;0;1;0;1;3
100;32;3;23;150;32;0;32;0;0;0;32;100;0;3;23;150;0;0;0;1;1;0;0;2
39;30;97;11;39;45;39;0;0;0;39;0;0;30;97;11;0;45;0;1;0;1;0;0;2
84;23;93;28;42;69;0;0;0;0;0;0;84;23;93;28;42;69;0;1;0;1;0;0;2
32;16;48;20;32;8;32;0;0;0;32;0;0;16;48;20;0;8;0;1;0;1;0;1;3
67;41;96;34;100;82;0;0;0;0;0;0;67;41;96;34;100;82;0;0;0;1;0;0;1
4;53;62;4;4;106;4;0;0;4;4;0;0;53;62;0;0;106;0;0;0;0;0;0;0
45;2;24;18;45;0;45;0;0;0;45;0;0;2;24;18;0;0;0;1;1;1;0;1;4
22;46;22;43;22;46;22;46;22;0;22;46;0;0;0;43;0;0;0;0;0;0;0;0;0
8;100;16;20;5;150;0;0;0;0;0;0;8;100;16;20;5;150;1;0;1;1;1;0;4
69;83;31;10;207;41;0;0;0;0;0;0;69;83;31;10;207;41;0;0;1;1;0;0;2
6;50;23;25;4;50;0;50;0;0;0;50;6;0;23;25;4;0;1;0;1;1;1;0;4
85;34;34;18;85;22;85;34;34;0;85;0;0;0;0;18;0;22;0;0;0;1;0;1;2
17;46;97;7;17;46;17;46;0;0;17;46;0;0;97;7;0;0;0;0;0;1;0;0;1
27;87;64;16;27;261;27;0;0;0;27;0;0;87;64;16;0;261;0;0;0;1;0;0;1
36;19;28;37;24;19;0;19;0;0;0;19;36;0;28;37;24;0;1;0;1;0;1;0;3
64;58;82;9;64;58;64;58;0;0;64;58;0;0;82;9;0;0;0;0;0;1;0;0;1
92;39;65;24;92;13;92;0;0;0;92;0;0;39;65;24;0;13;0;0;0;1;0;1;2
4;54;93;23;1;162;0;0;0;0;0;0;4;54;93;23;1;162;1;0;0;1;1;0;3
46;59;61;37;46;39;46;0;0;0;46;0;0;59;61;37;0;39;0;0;0;0;0;0;0
55;4;91;38;55;4;55;4;0;0;55;4;0;0;91;38;0;0;0;0;0;0;0;0;0
68;34;32;33;204;34;0;34;0;0;0;34;68;0;32;33;204;0;0;0;1;1;0;0;2
31;76;46;31;20;38;31;0;0;31;0;0;0;76;46;0;20;38;0;0;0;0;1;0;1
72;72;12;16;144;144;72;72;0;0;144;144;0;0;12;16;0;0;0;0;1;1;0;0;2
91;59;76;49;91;59;91;59;0;0;91;59;0;0;76;49;0;0;0;0;0;0;0;0;0
65;25;83;10;65;25;65;25;0;0;65;25;0;0;83;10;0;0;0;0;0;1;0;0;1
63;63;79;15;94;21;63;63;0;0;0;0;0;0;79;15;94;21;0;0;0;1;0;1;2
89;78;19;16;44;117;0;0;0;0;0;0;89;78;19;16;44;117;0;0;1;1;0;0;2
79;22;52;40;79;22;79;22;0;0;79;22;0;0;52;40;0;0;0;0;0;0;0;0;0
64;38;7;45;128;25;0;0;0;0;0;0;64;38;7;45;128;25;0;0;1;0;0;1;2
94;43;45;19;47;28;0;0;0;0;0;0;94;43;45;19;47;28;0;0;0;1;0;1;2
60;15;65;7;60;10;60;0;0;0;60;0;0;15;65;7;0;10;0;1;0;1;0;1;3
83;50;53;49;166;100;0;0;0;0;0;0;83;50;53;49;166;100;0;0;0;0;0;0;0
55;75;100;35;55;75;55;75;0;0;55;75;0;0;100;35;0;0;0;0;0;1;0;0;1
8;36;74;46;2;36;0;36;0;0;0;36;8;0;74;46;2;0;1;0;0;0;1;0;2
38;29;83;8;38;14;38;0;0;0;38;0;0;29;83;8;0;14;0;1;0;1;0;1;3
66;12;86;28;99;18;0;0;0;0;0;0;66;12;86;28;99;18;0;1;0;1;0;1;3
59;82;87;22;59;82;59;82;0;0;59;82;0;0;87;22;0;0;0;0;0;1;0;0;1
88;71;60;48;88;106;88;0;0;0;88;0;0;71;60;48;0;106;0;0;0;0;0;0;0
74;51;72;9;74;153;74;0;0;0;74;0;0;51;72;9;0;153;0;0;0;1;0;0;1
79;14;70;20;237;9;0;0;0;0;0;0;79;14;70;20;237;9;0;1;0;1;0;1;3
25;25;14;6;12;12;25;25;0;0;12;12;0;0;14;6;0;0;0;0;1;1;0;0;2
52;68;86;50;52;34;52;0;0;0;52;0;0;68;86;50;0;34;0;0;0;0;0;1;1
36;44;82;29;72;29;0;0;0;29;0;29;36;44;82;0;72;0;1;0;0;0;0;0;1
28;26;70;35;28;26;28;26;0;0;28;26;0;0;70;35;0;0;0;0;0;1;0;0;1
44;53;32;36;29;159;0;0;0;0;0;0;44;53;32;36;29;159;0;0;1;1;1;0;3
43;87;66;34;28;130;0;0;0;0;0;0;43;87;66;34;28;130;0;0;0;1;1;0;2
33;48;89;12;33;96;33;0;0;0;33;0;0;48;89;12;0;96;0;0;0;1;0;0;1
56;62;85;4;37;186;0;0;0;0;0;0;56;62;85;4;37;186;0;0;0;1;0;0;1
8;48;88;39;5;72;0;0;0;0;0;0;8;48;88;39;5;72;1;0;0;0;1;0;2
62;76;63;38;31;228;0;0;0;0;0;0;62;76;63;38;31;228;0;0;0;0;1;0;1
43;56;95;21;28;84;0;0;0;0;0;0;43;56;95;21;28;84;0;0;0;1;1;0;2
92;86;27;40;61;258;0;0;0;0;0;0;92;86;27;40;61;258;0;0;1;0;0;0;1
13;37;38;36;4;74;0;0;0;0;0;0;13;37;38;36;4;74;1;0;0;1;1;0;3
21;41;49;37;21;41;21;41;0;0;21;41;0;0;49;37;0;0;0;0;0;0;0;0;0
72;11;47;1;72;11;72;11;0;0;72;11;0;0;47;1;0;0;0;0;0;1;0;0;1
62;28;48;6;62;18;62;0;0;0;62;0;0;28;48;6;0;18;0;1;0;1;0;1;3
67;76;28;2;67;38;67;0;0;0;67;0;0;76;28;2;0;38;0;0;1;1;0;0;2
46;28;4;44;69;14;0;0;0;0;0;0;46;28;4;44;69;14;0;1;1;0;0;1;3
95;19;10;20;190;6;0;0;0;0;0;0;95;19;10;20;190;6;0;1;1;1;0;1;4
68;48;98;7;68;48;68;48;0;0;68;48;0;0;98;7;0;0;0;0;0;1;0;0;1
74;7;7;47;74;14;74;7;7;0;74;0;0;0;0;47;0;14;0;0;0;0;0;1;1
43;77;54;24;43;154;43;0;0;0;43;0;0;77;54;24;0;154;0;0;0;1;0;0;1
18;92;39;30;18;184;18;0;0;0;18;0;0;92;39;30;0;184;0;0;0;1;0;0;1
36;11;80;43;36;11;36;11;0;0;36;11;0;0;80;43;0;0;0;0;0;0;0;0;0
27;19;51;39;27;19;27;19;0;0;27;19;0;0;51;39;0;0;0;0;0;0;0;0;0
56;16;16;19;56;16;56;16;16;0;56;16;0;0;0;19;0;0;0;0;0;1;0;0;1
48;78;39;36;144;78;0;78;0;0;0;78;48;0;39;36;144;0;0;0;0;1;0;0;1
24;95;92;6;72;95;0;95;0;0;0;95;24;0;92;6;72;0;1;0;0;1;0;0;2
39;46;88;17;13;138;0;0;0;0;0;0;39;46;88;17;13;138;0;0;0;1;1;0;2
70;87;4;24;35;87;0;87;0;0;0;87;70;0;4;24;35;0;0;0;1;1;1;0;3
19;13;19;30;19;39;19;0;19;0;19;0;0;13;0;30;0;39;0;1;0;1;0;0;2
5;53;95;38;1;159;0;0;0;0;0;0;5;53;95;38;1;159;1;0;0;0;1;0;2
99;79;75;18;99;52;99;0;0;0;99;0;0;79;75;18;0;52;0;0;0;1;0;0;1
74;69;32;34;148;23;0;0;0;0;0;0;74;69;32;34;148;23;0;0;1;1;0;1;3
87;50;43;20;58;50;0;50;0;0;0;50;87;0;43;20;58;0;0;0;0;1;0;0;1
80;34;60;20;26;11;0;0;0;0;0;0;80;34;60;20;26;11;0;1;0;1;1;1;4
46;61;37;9;15;40;0;0;0;0;0;0;46;61;37;9;15;40;0;0;0;1;1;0;2
27;25;40;23;9;16;0;0;0;0;0;0;27;25;40;23;9;16;1;1;0;1;1;1;5
52;92;74;21;52;46;52;0;0;0;52;0;0;92;74;21;0;46;0;0;0;1;0;0;1
20;63;64;43;13;42;0;0;0;0;0;0;20;63;64;43;13;42;1;0;0;0;1;0;2
36;94;90;43;24;188;0;0;0;0;0;0;36;94;90;43;24;188;1;0;0;0;1;0;2
50;4;89;29;33;12;0;0;0;0;0;0;50;4;89;29;33;12;0;1;0;1;1;1;4
60;100;37;45;30;150;0;0;0;0;0;0;60;100;37;45;30;150;0;0;0;0;1;0;1
24;51;22;35;24;51;24;51;0;0;24;51;0;0;22;35;0;0;0;0;1;1;0;0;2
63;55;95;40;42;110;0;0;0;0;0;0;63;55;95;40;42;110;0;0;0;0;0;0;0
91;24;4;44;91;12;91;0;0;0;91;0;0;24;4;44;0;12;0;1;1;0;0;1;3
34;96;48;50;68;96;0;96;0;0;0;96;34;0;48;50;68;0;1;0;0;0;0;0;1
83;82;1;40;83;54;83;0;0;0;83;0;0;82;1;40;0;54;0;0;1;0;0;0;1
94;34;46;43;47;34;0;34;0;0;0;34;94;0;46;43;47;0;0;0;0;0;0;0;0
29;90;79;48;43;90;0;90;0;0;0;90;29;0;79;48;43;0;1;0;0;0;0;0;1
21;86;31;1;21;86;21;86;0;0;21;86;0;0;31;1;0;0;0;0;1;1;0;0;2
14;92;77;38;28;138;0;0;0;0;0;0;14;92;77;38;28;138;1;0;0;0;1;0;2
65;82;80;46;65;41;65;0;0;0;65;0;0;82;80;46;0;41;0;0;0;0;0;0;0
52;77;88;42;104;77;0;77;0;0;0;77;52;0;88;42;104;0;0;0;0;0;0;0;0
32;75;1;2;64;75;0;75;0;0;0;75;32;0;1;2;64;0;1;0;1;1;0;0;3
35;21;27;13;105;31;0;0;0;0;0;0;35;21;27;13;105;31;1;1;1;1;0;1;5
5;16;49;36;5;16;5;16;0;0;5;16;0;0;49;36;0;0;0;0;0;1;0;0;1
57;81;29;16;57;54;57;0;0;0;57;0;0;81;29;16;0;54;0;0;1;1;0;0;2
47;67;96;38;141;67;0;67;0;0;0;67;47;0;96;38;141;0;0;0;0;0;0;0;0
41;44;62;13;82;44;0;44;0;0;0;44;41;0;62;13;82;0;0;0;0;1;0;0;1
28;9;39;49;84;9;0;9;0;0;0;9;28;0;39;49;84;0;1;0;0;0;0;0;1
83;31;92;19;124;31;0;31;0;0;0;31;83;0;92;19;124;0;0;0;0;1;0;0;1
22;88;66;17;14;29;0;0;0;0;0;0;22;88;66;17;14;29;1;0;0;1;1;1;4
12;16;19;46;18;5;0;0;0;0;0;0;12;16;19;46;18;5;1;1;1;0;1;1;5
71;8;97;29;23;5;0;0;0;0;0;0;71;8;97;29;23;5;0;1;0;1;1;1;4
52;7;55;7;34;2;0;7;0;7;0;0;52;0;55;0;34;2;0;0;0;0;1;1;2
20;70;3;33;60;70;0;70;0;0;0;70;20;0;3;33;60;0;1;0;1;1;0;0;3
25;35;29;24;16;17;0;0;0;0;0;0;25;35;29;24;16;17;1;1;1;1;1;1;6
44;86;88;24;44;86;44;86;0;0;44;86;0;0;88;24;0;0;0;0;0;1;0;0;1
92;52;6;18;276;78;0;0;0;0;0;0;92;52;6;18;276;78;0;0;1;1;0;0;2
10;5;92;29;10;1;10;0;0;0;10;0;0;5;92;29;0;1;0;1;0;1;0;1;3
6;59;62;40;6;39;6;0;0;0;6;0;0;59;62;40;0;39;0;0;0;0;0;0;0
100;94;29;20;300;94;0;94;0;0;0;94;100;0;29;20;300;0;0;0;1;1;0;0;2
26;99;70;3;17;297;0;0;0;0;0;0;26;99;70;3;17;297;1;0;0;1;1;0;3
35;77;81;1;17;38;0;0;0;0;0;0;35;77;81;1;17;38;1;0;0;1;1;0;3
94;40;51;16;94;13;94;0;0;0;94;0;0;40;51;16;0;13;0;0;0;1;0;1;2
68;42;98;47;68;126;68;0;0;0;68;0;0;42;98;47;0;126;0;0;0;0;0;0;0
32;100;50;23;32;100;32;100;0;0;32;100;0;0;50;23;0;0;0;0;0;1;0;0;1
94;5;82;1;94;5;94;5;0;0;94;5;0;0;82;1;0;0;0;0;0;1;0;0;1
64;8;52;15;42;8;0;8;0;0;0;8;64;0;52;15;42;0;0;0;0;1;0;0;1
59;17;5;47;59;11;59;0;0;0;59;0;0;17;5;47;0;11;0;1;1;0;0;1;3
92;24;12;17;92;16;92;0;0;0;92;0;0;24;12;17;0;16;0;1;1;1;0;1;4
78;73;100;16;52;146;0;0;0;0;0;0;78;73;100;16;52;146;0;0;0;1;0;0;1
76;84;65;25;114;42;0;0;0;0;0;0;76;84;65;25;114;42;0;0;0;1;0;0;1
41;36;82;25;41;36;41;36;0;0;41;36;0;0;82;25;0;0;0;0;0;1;0;0;1
89;91;59;2;89;182;89;0;0;0;89;0;0;91;59;2;0;182;0;0;0;1;0;0;1
12;61;95;49;8;40;0;0;0;0;0;0;12;61;95;49;8;40;1;0;0;0;1;0;2
63;8;48;19;31;8;0;8;0;0;0;8;63;0;48;19;31;0;0;0;0;1;1;0;2
52;81;49;20;34;162;0;0;0;0;0;0;52;81;49;20;34;162;0;0;0;1;1;0;2
52;35;13;50;34;11;0;0;0;0;0;0;52;35;13;50;34;11;0;1;1;0;1;1;4
28;2;21;32;28;2;28;2;0;0;28;2;0;0;21;32;0;0;0;0;1;1;0;0;2
82;39;94;9;41;39;0;39;0;0;0;39;82;0;94;9;41;0;0;0;0;1;0;0;1
16;48;93;1;48;24;0;48;0;0;48;0;16;0;93;1;0;24;1;0;0;1;0;1;3
83;29;45;36;83;9;83;0;0;0;83;0;0;29;45;36;0;9;0;1;0;1;0;1;3
39;71;89;29;39;142;39;0;0;0;39;0;0;71;89;29;0;142;0;0;0;1;0;0;1
94;5;48;26;62;5;0;5;0;0;0;5;94;0;48;26;62;0;0;0;0;1;0;0;1
27;92;88;31;54;46;0;0;0;0;0;0;27;92;88;31;54;46;1;0;0;1;0;0;2
10;41;89;16;20;13;0;0;0;0;0;0;10;41;89;16;20;13;1;0;0;1;1;1;4
25;12;67;5;25;36;25;0;0;0;25;0;0;12;67;5;0;36;0;1;0;1;0;1;3
91;95;40;7;273;31;0;0;0;0;0;0;91;95;40;7;273;31;0;0;0;1;0;1;2
3;62;15;10;3;62;3;62;0;0;3;62;0;0;15;10;0;0;0;0;1;1;0;0;2
31;21;20;34;10;21;0;21;0;0;0;21;31;0;20;34;10;0;1;0;1;1;1;0;4
48;91;31;14;144;136;0;0;0;0;0;0;48;91;31;14;144;136;0;0;1;1;0;0;2
48;50;32;26;48;50;48;50;0;0;48;50;0;0;32;26;0;0;0;0;1;1;0;0;2
48;18;25;9;32;18;0;18;0;0;0;18;48;0;25;9;32;0;0;0;1;1;1;0;3
7;92;83;13;7;30;7;0;0;0;7;0;0;92;83;13;0;30;0;0;0;1;0;1;2
19;75;78;9;19;150;19;0;0;0;19;0;0;75;78;9;0;150;0;0;0;1;0;0;1
71;14;84;3;106;9;0;0;0;0;0;0;71;14;84;3;106;9;0;1;0;1;0;1;3
39;13;22;28;58;13;0;13;0;0;0;13;39;0;22;28;58;0;0;0;1;1;0;0;2
39;6;57;13;58;2;0;0;0;0;0;0;39;6;57;13;58;2;0;1;0;1;0;1;3
11;72;35;36;3;108;0;0;0;0;0;0;11;72;35;36;3;108;1;0;1;1;1;0;4
93;14;41;45;186;7;0;0;0;0;0;0;93;14;41;45;186;7;0;1;0;0;0;1;2
90;15;91;36;90;15;90;15;0;0;90;15;0;0;91;36;0;0;0;0;0;1;0;0;1
17;92;10;6;8;46;0;0;0;0;0;0;17;92;10;6;8;46;1;0;1;1;1;0;4
88;77;79;5;88;38;88;0;0;0;88;0;0;77;79;5;0;38;0;0;0;1;0;0;1
83;53;93;14;41;79;0;0;0;0;0;0;83;53;93;14;41;79;0;0;0;1;0;0;1
20;79;87;50;10;39;0;0;0;0;0;0;20;79;87;50;10;39;1;0;0;0;1;0;2
39;17;69;13;117;5;0;0;0;0;0;0;39;17;69;13;117;5;0;1;0;1;0;1;3
11;86;92;40;11;43;11;0;0;0;11;0;0;86;92;40;0;43;0;0;0;0;0;0;0
91;54;19;41;182;54;0;54;0;0;0;54;91;0;19;41;182;0;0;0;1;0;0;0;1
46;24;60;11;46;36;46;0;0;0;46;0;0;24;60;11;0;36;0;1;0;1;0;1;3
92;42;93;45;92;63;92;0;0;0;92;0;0;42;93;45;0;63;0;0;0;0;0;0;0
99;24;81;46;99;12;99;0;0;0;99;0;0;24;81;46;0;12;0;1;0;0;0;1;2
84;62;75;48;84;41;84;0;0;0;84;0;0;62;75;48;0;41;0;0;0;0;0;0;0
7;49;2;6;3;147;0;0;0;0;0;0;7;49;2;6;3;147;1;0;1;1;1;0;4
27;69;41;10;9;69;0;69;0;0;0;69;27;0;41;10;9;0;1;0;0;1;1;0;3
34;36;16;34;102;18;34;0;0;34;0;0;0;36;16;0;102;18;0;1;1;0;0;1;3
92;37;66;14;61;37;0;37;0;0;0;37;92;0;66;14;61;0;0;0;0;1;0;0;1
28;66;29;27;18;44;0;0;0;0;0;0;28;66;29;27;18;44;1;0;1;1;1;0;4
1;68;77;16;0;68;0;68;0;0;0;68;1;0;77;16;0;0;1;0;0;1;1;0;3
36;67;95;4;72;22;0;0;0;0;0;0;36;67;95;4;72;22;1;0;0;1;0;1;3
89;81;2;3;178;40;0;0;0;0;0;0;89;81;2;3;178;40;0;0;1;1;0;0;2
39;91;21;16;78;30;0;0;0;0;0;0;39;91;21;16;78;30;0;0;1;1;0;1;3
65;46;23;25;65;138;65;0;0;0;65;0;0;46;23;25;0;138;0;0;1;1;0;0;2
56;22;14;48;112;33;0;0;0;0;0;0;56;22;14;48;112;33;0;1;1;0;0;1;3
67;87;22;13;44;130;0;0;0;0;0;0;67;87;22;13;44;130;0;0;1;1;0;0;2
22;3;55;43;33;3;0;3;0;0;0;3;22;0;55;43;33;0;1;0;0;0;1;0;2
16;62;48;50;16;93;16;0;0;0;16;0;0;62;48;50;0;93;0;0;0;0;0;0;0
60;60;76;5;60;120;60;60;0;0;60;0;0;0;76;5;0;120;0;0;0;1;0;0;1
94;57;87;32;47;19;0;0;0;0;0;0;94;57;87;32;47;19;0;0;0;1;0;1;2
48;72;56;46;72;24;0;72;0;0;72;0;48;0;56;46;0;24;0;0;0;0;0;1;1
90;35;94;20;90;23;90;0;0;0;90;0;0;35;94;20;0;23;0;1;0;1;0;1;3
37;83;21;23;37;249;37;0;0;0;37;0;0;83;21;23;0;249;0;0;1;1;0;0;2
11;46;40;12;22;23;0;0;0;0;0;0;11;46;40;12;22;23;1;0;0;1;1;1;4
36;71;73;8;108;47;0;0;0;0;0;0;36;71;73;8;108;47;1;0;0;1;0;0;2
77;37;100;1;77;74;77;0;0;0;77;0;0;37;100;1;0;74;0;0;0;1;0;0;1
90;59;69;18;90;88;90;0;0;0;90;0;0;59;69;18;0;88;0;0;0;1;0;0;1
56;7;23;32;168;7;0;7;0;0;0;7;56;0;23;32;168;0;0;0;1;1;0;0;2
18;54;37;21;27;54;0;54;0;0;0;54;18;0;37;21;27;0;1;0;0;1;1;0;3
76;16;43;17;76;16;76;16;0;0;76;16;0;0;43;17;0;0;0;0;0;1;0;0;1
100;72;72;7;100;108;100;72;72;0;100;0;0;0;0;7;0;108;0;0;0;1;0;0;1
39;52;73;24;26;52;0;52;0;0;0;52;39;0;73;24;26;0;0;0;0;1;1;0;2
52;88;8;34;17;44;0;0;0;0;0;0;52;88;8;34;17;44;0;0;1;1;1;0;3
100;25;63;37;66;50;0;0;0;0;0;0;100;25;63;37;66;50;0;1;0;0;0;0;1
14;97;68;16;14;97;14;97;0;0;14;97;0;0;68;16;0;0;0;0;0;1;0;0;1
11;98;32;11;7;65;11;0;0;11;0;0;0;98;32;0;7;65;0;0;1;0;1;0;2
3;69;97;20;3;46;3;0;0;0;3;0;0;69;97;20;0;46;0;0;0;1;0;0;1
60;21;30;33;30;21;0;21;30;0;30;21;60;0;0;33;0;0;0;0;0;1;0;0;1
81;15;84;10;121;15;0;15;0;0;0;15;81;0;84;10;121;0;0;0;0;1;0;0;1
11;97;85;49;33;32;0;0;0;0;0;0;11;97;85;49;33;32;1;0;0;0;1;1;3
90;59;68;31;45;39;0;0;0;0;0;0;90;59;68;31;45;39;0;0;0;1;0;0;1
81;49;22;7;81;147;81;0;0;0;81;0;0;49;22;7;0;147;0;0;1;1;0;0;2
19;94;59;44;19;31;19;0;0;0;19;0;0;94;59;44;0;31;0;0;0;0;0;1;1
51;73;64;33;51;219;51;0;0;0;51;0;0;73;64;33;0;219;0;0;0;1;0;0;1
87;79;15;11;130;79;0;79;0;0;0;79;87;0;15;11;130;0;0;0;1;1;0;0;2
45;7;74;20;45;10;45;0;0;0;45;0;0;7;74;20;0;10;0;1;0;1;0;1;3
53;39;67;24;159;39;0;39;0;0;0;39;53;0;67;24;159;0;0;0;0;1;0;0;1
98;40;3;20;65;80;0;0;0;0;0;0;98;40;3;20;65;80;0;0;1;1;0;0;2
66;27;86;2;99;27;0;27;0;0;0;27;66;0;86;2;99;0;0;0;0;1;0;0;1
99;65;1;38;33;65;0;65;0;0;0;65;99;0;1;38;33;0;0;0;1;0;1;0;2
3;74;36;33;3;74;3;74;0;0;3;74;0;0;36;33;0;0;0;0;1;1;0;0;2
32;90;22;22;32;45;32;0;22;22;32;0;0;90;0;0;0;45;0;0;0;0;0;0;0
94;32;86;32;188;10;0;32;0;32;0;0;94;0;86;0;188;10;0;0;0;0;0;1;1
32;33;90;33;64;33;0;33;0;33;0;33;32;0;90;0;64;0;1;0;0;0;0;0;1
87;54;23;13;29;54;0;54;0;0;0;54;87;0;23;13;29;0;0;0;1;1;1;0;3
45;86;19;22;135;86;0;86;0;0;0;86;45;0;19;22;135;0;0;0;1;1;0;0;2
60;32;67;19;90;21;0;0;0;0;0;0;60;32;67;19;90;21;0;1;0;1;0;1;3
5;22;57;34;5;14;5;0;0;0;5;0;0;22;57;34;0;14;0;1;0;1;0;1;3
81;98;38;20;243;294;0;0;0;0;0;0;81;98;38;20;243;294;0;0;0;1;0;0;1
64;93;14;21;64;139;64;0;0;0;64;0;0;93;14;21;0;139;0;0;1;1;0;0;2
25;35;42;28;25;23;25;0;0;0;25;0;0;35;42;28;0;23;0;1;0;1;0;1;3
29;95;6;1;29;190;29;0;0;0;29;0;0;95;6;1;0;190;0;0;1;1;0;0;2
9;32;37;35;13;32;0;32;0;0;0;32;9;0;37;35;13;0;1;0;0;1;1;0;3
50;2;16;44;33;4;0;0;0;0;0;0;50;2;16;44;33;4;0;1;1;0;1;1;4
57;18;89;49;57;12;57;0;0;0;57;0;0;18;89;49;0;12;0;1;0;0;0;1;2
55;68;98;40;18;68;0;68;0;0;0;68;55;0;98;40;18;0;0;0;0;0;1;0;1
54;42;2;20;54;14;54;0;0;0;54;0;0;42;2;20;0;14;0;0;1;1;0;1;3
52;2;70;3;52;3;52;0;0;3;52;3;0;2;70;0;0;0;0;1;0;0;0;0;1
67;99;63;22;134;99;0;99;0;0;0;99;67;0;63;22;134;0;0;0;0;1;0;0;1
53;36;42;4;159;36;0;36;0;0;0;36;53;0;42;4;159;0;0;0;0;1;0;0;1
28;35;25;39;9;35;0;35;0;0;0;35;28;0;25;39;9;0;1;0;1;0;1;0;3
40;63;90;34;20;21;0;0;0;0;0;0;40;63;90;34;20;21;0;0;0;1;1;1;3
57;41;26;10;57;20;57;0;0;0;57;0;0;41;26;10;0;20;0;0;1;1;0;1;3
36;60;91;13;36;90;36;0;0;0;36;0;0;60;91;13;0;90;0;0;0;1;0;0;1
14;57;54;3;14;57;14;57;0;0;14;57;0;0;54;3;0;0;0;0;0;1;0;0;1
71;21;14;30;142;21;0;21;0;0;0;21;71;0;14;30;142;0;0;0;1;1;0;0;2
73;50;86;34;109;25;0;0;0;0;0;0;73;50;86;34;109;25;0;0;0;1;0;1;2
32;99;46;19;21;148;0;0;0;0;0;0;32;99;46;19;21;148;1;0;0;1;1;0;3
62;97;96;26;186;32;0;0;0;0;0;0;62;97;96;26;186;32;0;0;0;1;0;1;2
88;26;12;30;132;13;0;0;0;0;0;0;88;26;12;30;132;13;0;1;1;1;0;1;4
79;93;54;25;26;93;0;93;0;0;0;93;79;0;54;25;26;0;0;0;0;1;1;0;2
25;52;20;43;50;52;0;52;0;0;0;52;25;0;20;43;50;0;1;0;1;0;0;0;2
56;89;39;8;112;29;0;0;0;0;0;0;56;89;39;8;112;29;0;0;0;1;0;1;2
49;30;82;49;16;10;49;0;0;49;0;0;0;30;82;0;16;10;0;1;0;0;1;1;3
71;45;44;66;71;22;71;0;0;0;71;0;0;45;44;66;0;22;0;0;0;0;0;1;1
22;16;35;56;7;16;0;16;0;0;0;16;22;0;35;56;7;0;1;0;1;0;1;0;3
14;18;62;47;21;18;0;18;0;0;0;18;14;0;62;47;21;0;1;0;0;0;1;0;2
46;28;30;60;23;56;0;0;0;0;0;0;46;28;30;60;23;56;0;1;1;0;1;0;3
43;46;14;41;86;15;0;0;0;0;0;0;43;46;14;41;86;15;0;0;1;0;0;1;2
40;51;57;69;120;25;0;0;0;0;0;0;40;51;57;69;120;25;0;0;0;0;0;1;1
24;22;22;28;12;7;0;22;22;0;0;0;24;0;0;28;12;7;1;0;0;1;1;1;4
85;44;49;57;170;44;0;44;0;0;0;44;85;0;49;57;170;0;0;0;0;0;0;0;0
48;36;42;53;16;24;0;0;0;0;0;0;48;36;42;53;16;24;0;1;0;0;1;1;3
32;16;72;72;32;16;32;16;72;72;32;16;0;0;0;0;0;0;0;0;0;0;0;0;0
75;31;67;26;225;15;0;0;0;0;0;0;75;31;67;26;225;15;0;1;0;1;0;1;3
89;81;14;87;267;81;0;81;0;0;0;81;89;0;14;87;267;0;0;0;1;0;0;0;1
34;58;42;12;22;116;0;0;0;0;0;0;34;58;42;12;22;116;1;0;0;1;1;0;3
40;44;39;26;26;44;0;44;0;26;26;44;40;0;39;0;0;0;0;0;0;0;0;0;0
39;17;72;18;78;17;0;17;0;0;0;17;39;0;72;18;78;0;0;0;0;1;0;0;1
28;37;20;40;28;37;28;37;0;0;28;37;0;0;20;40;0;0;0;0;1;0;0;0;1
66;58;52;34;198;174;0;0;0;0;0;0;66;58;52;34;198;174;0;0;0;1;0;0;1
3;27;46;27;2;81;0;27;0;27;0;0;3;0;46;0;2;81;1;0;0;0;1;0;2
35;76;45;56;105;76;0;76;0;0;0;76;35;0;45;56;105;0;1;0;0;0;0;0;1
45;25;45;70;22;25;45;25;45;0;0;25;0;0;0;70;22;0;0;0;0;0;1;0;1
39;31;53;50;117;31;0;31;0;0;0;31;39;0;53;50;117;0;0;0;0;0;0;0;0
39;21;2;3;58;21;0;21;0;0;0;21;39;0;2;3;58;0;0;0;1;1;0;0;2
17;24;26;7;11;24;0;24;0;0;0;24;17;0;26;7;11;0;1;0;1;1;1;0;4
76;39;35;47;76;13;76;0;0;0;76;0;0;39;35;47;0;13;0;0;1;0;0;1;2
33;14;43;45;33;14;33;14;0;0;33;14;0;0;43;45;0;0;0;0;0;0;0;0;0
66;48;61;65;44;144;0;0;0;0;0;0;66;48;61;65;44;144;0;0;0;0;0;0;0
62;26;12;40;62;26;62;26;0;0;62;26;0;0;12;40;0;0;0;0;1;0;0;0;1
50;44;42;46;33;132;0;0;0;0;0;0;50;44;42;46;33;132;0;0;0;0;1;0;1
53;41;75;54;53;41;53;41;0;0;53;41;0;0;75;54;0;0;0;0;0;0;0;0;0
43;29;46;48;43;9;43;0;0;0;43;0;0;29;46;48;0;9;0;1;0;0;0;1;2
20;54;33;27;60;18;0;0;0;0;0;0;20;54;33;27;60;18;1;0;1;1;0;1;4
94;84;91;53;141;126;0;0;0;0;0;0;94;84;91;53;141;126;0;0;0;0;0;0;0
54;76;76;64;36;152;0;76;76;0;0;0;54;0;0;64;36;152;0;0;0;0;1;0;1
66;93;39;18;66;31;66;0;0;0;66;0;0;93;39;18;0;31;0;0;0;1;0;1;2
30;18;25;26;20;54;0;0;0;0;0;0;30;18;25;26;20;54;1;1;1;1;1;0;5
50;22;69;48;25;22;0;22;0;0;0;22;50;0;69;48;25;0;0;0;0;0;1;0;1
48;43;51;44;96;14;0;0;0;0;0;0;48;43;51;44;96;14;0;0;0;0;0;1;1
35;25;78;71;52;37;0;0;0;0;0;0;35;25;78;71;52;37;1;1;0;0;0;0;2
77;30;64;98;25;20;0;0;0;0;0;0;77;30;64;98;25;20;0;1;0;0;1;1;3
36;35;31;31;36;23;36;0;31;31;36;0;0;35;0;0;0;23;0;1;0;0;0;1;2
81;64;53;39;162;32;0;0;0;0;0;0;81;64;53;39;162;32;0;0;0;0;0;1;1
60;45;53;40;120;135;0;0;0;0;0;0;60;45;53;40;120;135;0;0;0;0;0;0;0
34;28;12;34;68;42;34;0;0;34;0;0;0;28;12;0;68;42;0;1;1;0;0;0;2
72;53;55;74;72;26;72;0;0;0;72;0;0;53;55;74;0;26;0;0;0;0;0;1;1
45;30;29;31;45;90;45;0;0;0;45;0;0;30;29;31;0;90;0;1;1;1;0;0;3
71;48;46;66;71;72;71;0;0;0;71;0;0;48;46;66;0;72;0;0;0;0;0;0;0
51;80;54;72;17;80;0;80;0;0;0;80;51;0;54;72;17;0;0;0;0;0;1;0;1
64;26;71;35;21;78;0;0;0;0;0;0;64;26;71;35;21;78;0;1;0;1;1;0;3
22;37;59;30;22;24;22;0;0;0;22;0;0;37;59;30;0;24;0;0;0;1;0;1;2
30;49;14;54;15;98;0;0;0;0;0;0;30;49;14;54;15;98;1;0;1;0;1;0;3
54;33;41;42;162;11;0;0;0;0;0;0;54;33;41;42;162;11;0;1;0;0;0;1;2
35;25;74;48;35;37;35;0;0;0;35;0;0;25;74;48;0;37;0;1;0;0;0;0;1
26;44;37;52;13;44;0;44;0;0;0;44;26;0;37;52;13;0;1;0;0;0;1;0;2
41;17;23;50;41;5;41;0;0;0;41;0;0;17;23;50;0;5;0;1;1;0;0;1;3
54;53;55;39;54;106;54;0;0;0;54;0;0;53;55;39;0;106;0;0;0;0;0;0;0
30;19;18;42;20;28;0;0;0;0;0;0;30;19;18;42;20;28;1;1;1;0;1;1;5
76;73;52;59;38;24;0;0;0;0;0;0;76;73;52;59;38;24;0;0;0;0;0;1;1
51;85;42;58;76;127;0;0;0;0;0;0;51;85;42;58;76;127;0;0;0;0;0;0;0
33;11;12;13;33;11;33;11;0;0;33;11;0;0;12;13;0;0;0;0;1;1;0;0;2
58;69;24;63;58;138;58;0;0;0;58;0;0;69;24;63;0;138;0;0;1;0;0;0;1
34;41;60;57;102;20;0;0;0;0;0;0;34;41;60;57;102;20;1;0;0;0;0;1;2
89;42;59;49;59;21;0;0;59;0;59;0;89;42;0;49;0;21;0;0;0;0;0;1;1
84;21;51;83;42;42;0;0;0;0;42;42;84;21;51;83;0;0;0;1;0;0;0;0;1
65;31;52;92;130;46;0;0;0;0;0;0;65;31;52;92;130;46;0;1;0;0;0;0;1
47;34;43;23;47;34;47;34;0;0;47;34;0;0;43;23;0;0;0;0;0;1;0;0;1
29;38;10;28;19;114;0;0;0;0;0;0;29;38;10;28;19;114;1;0;1;1;1;0;4
48;64;57;57;48;21;48;0;57;57;48;0;0;64;0;0;0;21;0;0;0;0;0;1;1
67;94;73;59;67;94;67;94;0;0;67;94;0;0;73;59;0;0;0;0;0;0;0;0;0
76;39;44;47;76;39;76;39;0;0;76;39;0;0;44;47;0;0;0;0;0;0;0;0;0
71;50;51;54;35;25;0;0;0;0;0;0;71;50;51;54;35;25;0;0;0;0;1;1;2
28;16;31;14;56;24;0;0;0;0;0;0;28;16;31;14;56;24;1;1;1;1;0;1;5
25;24;20;69;25;24;25;24;0;0;25;24;0;0;20;69;0;0;0;0;1;0;0;0;1
90;62;45;79;45;62;0;62;45;0;45;62;90;0;0;79;0;0;0;0;0;0;0;0;0
66;76;26;44;99;38;0;0;0;0;0;0;66;76;26;44;99;38;0;0;1;0;0;0;1
63;35;56;69;21;35;0;35;0;0;0;35;63;0;56;69;21;0;0;0;0;0;1;0;1
39;61;63;62;39;122;39;0;0;0;39;0;0;61;63;62;0;122;0;0;0;0;0;0;0
95;86;82;39;63;86;0;86;0;0;0;86;95;0;82;39;63;0;0;0;0;0;0;0;0
14;16;56;45;21;32;0;0;0;0;0;0;14;16;56;45;21;32;1;1;0;0;1;1;4
53;43;27;48;53;86;53;0;0;0;53;0;0;43;27;48;0;86;0;0;1;0;0;0;1
76;10;37;49;50;30;0;0;0;0;0;0;76;10;37;49;50;30;0;1;0;0;0;1;2
37;72;68;51;37;216;37;0;0;0;37;0;0;72;68;51;0;216;0;0;0;0;0;0;0
40;46;42;40;60;46;40;46;0;40;0;46;0;0;42;0;60;0;0;0;0;0;0;0;0
34;40;49;3;34;80;34;0;0;0;34;0;0;40;49;3;0;80;0;0;0;1;0;0;1
16;20;9;40;5;60;0;0;0;0;0;0;16;20;9;40;5;60;1;1;1;0;1;0;4
40;60;36;42;80;60;0;60;0;0;0;60;40;0;36;42;80;0;0;0;1;0;0;0;1
3;6;7;75;3;6;3;6;0;0;3;6;0;0;7;75;0;0;0;0;1;0;0;0;1
18;24;44;44;18;16;18;0;44;44;18;0;0;24;0;0;0;16;0;1;0;0;0;1;2
76;54;23;41;228;162;0;0;0;0;0;0;76;54;23;41;228;162;0;0;1;0;0;0;1
55;55;90;19;27;55;55;55;0;0;0;55;0;0;90;19;27;0;0;0;0;1;1;0;2
86;52;63;39;86;156;86;0;0;0;86;0;0;52;63;39;0;156;0;0;0;0;0;0;0
83;81;68;92;249;81;0;81;0;0;0;81;83;0;68;92;249;0;0;0;0;0;0;0;0
26;40;55;25;39;40;0;40;0;0;0;40;26;0;55;25;39;0;1;0;0;1;0;0;2
29;59;34;76;87;59;0;59;0;0;0;59;29;0;34;76;87;0;1;0;1;0;0;0;2
7;9;29;25;14;9;0;9;0;0;0;9;7;0;29;25;14;0;1;0;1;1;1;0;4
28;29;22;23;84;87;0;0;0;0;0;0;28;29;22;23;84;87;1;1;1;1;0;0;4
58;69;45;43;58;69;58;69;0;0;58;69;0;0;45;43;0;0;0;0;0;0;0;0;0
40;48;66;54;80;72;0;0;0;0;0;0;40;48;66;54;80;72;0;0;0;0;0;0;0
26;37;34;51;39;37;0;37;0;0;0;37;26;0;34;51;39;0;1;0;1;0;0;0;2
75;56;93;91;112;56;0;56;0;0;0;56;75;0;93;91;112;0;0;0;0;0;0;0;0
12;41;21;64;36;61;0;0;0;0;0;0;12;41;21;64;36;61;1;0;1;0;1;0;3
97;84;23;76;97;42;97;0;0;0;97;0;0;84;23;76;0;42;0;0;1;0;0;0;1
80;44;11;87;53;22;0;0;0;0;0;0;80;44;11;87;53;22;0;0;1;0;0;1;2
64;74;57;31;64;111;64;0;0;0;64;0;0;74;57;31;0;111;0;0;0;1;0;0;1
17;12;14;38;51;4;0;0;0;0;0;0;17;12;14;38;51;4;1;1;1;0;0;1;4
84;35;24;27;126;105;0;0;0;0;0;0;84;35;24;27;126;105;0;1;1;1;0;0;3
73;67;57;56;48;134;0;0;0;0;0;0;73;67;57;56;48;134;0;0;0;0;0;0;0
53;59;54;77;53;59;53;59;0;0;53;59;0;0;54;77;0;0;0;0;0;0;0;0;0
16;86;26;41;16;86;16;86;0;0;16;86;0;0;26;41;0;0;0;0;1;0;0;0;1
46;48;30;62;69;16;0;0;0;0;0;0;46;48;30;62;69;16;0;0;1;0;0;1;2
14;12;12;16;21;12;0;12;12;0;0;12;14;0;0;16;21;0;1;0;0;1;1;0;3
27;54;88;62;54;108;0;54;0;0;54;0;27;0;88;62;0;108;1;0;0;0;0;0;1
15;1;26;30;45;0;0;0;0;0;0;0;15;1;26;30;45;0;1;1;1;1;0;1;5
67;47;49;65;67;141;67;0;0;0;67;0;0;47;49;65;0;141;0;0;0;0;0;0;0
76;78;56;47;76;78;76;78;0;0;76;78;0;0;56;47;0;0;0;0;0;0;0;0;0
23;64;7;2;69;192;0;0;0;0;0;0;23;64;7;2;69;192;1;0;1;1;0;0;3
49;42;46;40;32;63;0;0;0;0;0;0;49;42;46;40;32;63;0;0;0;0;1;0;1
17;19;14;5;34;19;0;19;0;0;0;19;17;0;14;5;34;0;1;0;1;1;1;0;4
23;27;48;43;69;81;0;0;0;0;0;0;23;27;48;43;69;81;1;1;0;0;0;0;2
78;49;42;49;26;24;0;49;0;49;0;0;78;0;42;0;26;24;0;0;0;0;1;1;2
43;40;24;44;43;13;43;0;0;0;43;0;0;40;24;44;0;13;0;0;1;0;0;1;2
54;65;38;77;162;65;0;65;0;0;0;65;54;0;38;77;162;0;0;0;0;0;0;0;0
44;76;56;65;44;228;44;0;0;0;44;0;0;76;56;65;0;228;0;0;0;0;0;0;0
20;19;54;20;20;9;20;0;0;20;20;0;0;19;54;0;0;9;0;1;0;0;0;1;2
92;43;94;92;184;43;92;43;0;92;0;43;0;0;94;0;184;0;0;0;0;0;0;0;0
62;77;88;89;20;51;0;0;0;0;0;0;62;77;88;89;20;51;0;0;0;0;1;0;1
37;80;29;52;37;53;37;0;0;0;37;0;0;80;29;52;0;53;0;0;1;0;0;0;1
61;64;83;70;61;128;61;0;0;0;61;0;0;64;83;70;0;128;0;0;0;0;0;0;0
35;32;18;32;35;48;35;32;0;32;35;0;0;0;18;0;0;48;0;0;1;0;0;0;1
21;17;31;42;14;5;0;0;0;0;0;0;21;17;31;42;14;5;1;1;1;0;1;1;5
34;38;6;4;34;12;34;0;0;0;34;0;0;38;6;4;0;12;0;0;1;1;0;1;3
40;61;63;47;40;122;40;0;0;0;40;0;0;61;63;47;0;122;0;0;0;0;0;0;0
73;58;89;80;73;58;73;58;0;0;73;58;0;0;89;80;0;0;0;0;0;0;0;0;0
51;74;43;62;17;37;0;0;0;0;0;0;51;74;43;62;17;37;0;0;0;0;1;0;1
50;67;15;40;50;134;50;0;0;0;50;0;0;67;15;40;0;134;0;0;1;0;0;0;1
24;29;38;40;72;29;0;29;0;0;0;29;24;0;38;40;72;0;1;0;0;0;0;0;1
59;51;66;21;118;51;0;51;0;0;0;51;59;0;66;21;118;0;0;0;0;1;0;0;1
42;35;39;60;42;35;42;35;0;0;42;35;0;0;39;60;0;0;0;0;0;0;0;0;0
21;49;37;42;10;24;0;0;0;0;0;0;21;49;37;42;10;24;1;0;0;0;1;1;3
40;51;93;15;120;17;0;0;0;0;0;0;40;51;93;15;120;17;0;0;0;1;0;1;2
45;25;8;25;90;25;0;25;0;25;0;25;45;0;8;0;90;0;0;0;1;0;0;0;1
13;17;12;43;19;5;0;0;0;0;0;0;13;17;12;43;19;5;1;1;1;0;1;1;5
38;54;23;15;25;108;0;0;0;0;0;0;38;54;23;15;25;108;0;0;1;1;1;0;3
59;89;35;59;59;178;59;0;0;59;59;0;0;89;35;0;0;178;0;0;1;0;0;0;1
47;21;16;76;70;7;0;0;0;0;0;0;47;21;16;76;70;7;0;1;1;0;0;1;3
24;32;71;27;72;32;0;32;0;0;0;32;24;0;71;27;72;0;1;0;0;1;0;0;2
15;77;27;30;15;231;15;0;0;0;15;0;0;77;27;30;0;231;0;0;1;1;0;0;2
90;62;19;36;45;62;0;62;0;0;0;62;90;0;19;36;45;0;0;0;1;1;0;0;2
47;65;29;61;23;43;0;0;0;0;0;0;47;65;29;61;23;43;0;0;1;0;1;0;2
52;42;46;65;52;21;52;0;0;0;52;0;0;42;46;65;0;21;0;0;0;0;0;1;1
70;36;41;44;105;108;0;0;0;0;0;0;70;36;41;44;105;108;0;1;0;0;0;0;1
34;51;36;12;34;51;34;51;0;0;34;51;0;0;36;12;0;0;0;0;1;1;0;0;2
49;76;86;82;16;114;0;0;0;0;0;0;49;76;86;82;16;114;0;0;0;0;1;0;1
69;49;86;50;103;98;0;0;0;0;0;0;69;49;86;50;103;98;0;0;0;0;0;0;0
15;55;35;94;15;55;15;55;0;0;15;55;0;0;35;94;0;0;0;0;1;0;0;0;1
8;49;13;29;4;147;0;0;0;0;0;0;8;49;13;29;4;147;1;0;1;1;1;0;4
78;11;64;47;156;11;0;11;0;0;0;11;78;0;64;47;156;0;0;0;0;0;0;0;0
24;84;12;89;24;56;24;0;0;0;24;0;0;84;12;89;0;56;0;0;1;0;0;0;1
16;23;28;67;10;69;0;0;0;0;0;0;16;23;28;67;10;69;1;1;1;0;1;0;4
11;55;20;60;22;110;0;0;0;0;0;0;11;55;20;60;22;110;1;0;1;0;1;0;3
53;53;64;46;159;53;53;53;0;0;0;53;0;0;64;46;159;0;0;0;0;0;0;0;0
89;30;25;65;29;15;0;0;0;0;0;0;89;30;25;65;29;15;0;1;1;0;1;1;4
24;70;86;29;24;46;24;0;0;0;24;0;0;70;86;29;0;46;0;0;0;1;0;0;1
27;93;43;79;13;31;0;0;0;0;0;0;27;93;43;79;13;31;1;0;0;0;1;1;3
32;42;43;37;96;126;0;0;0;0;0;0;32;42;43;37;96;126;1;0;0;0;0;0;1
43;21;58;65;43;31;43;0;0;0;43;0;0;21;58;65;0;31;0;1;0;0;0;1;2
44;33;30;63;44;66;44;0;0;0;44;0;0;33;30;63;0;66;0;1;1;0;0;0;2
40;84;62;72;20;56;0;0;0;0;0;0;40;84;62;72;20;56;0;0;0;0;1;0;1
45;34;32;23;30;34;0;34;0;0;0;34;45;0;32;23;30;0;0;0;1;1;1;0;3
30;32;36;41;10;16;0;0;0;0;0;0;30;32;36;41;10;16;1;1;1;0;1;1;5
43;12;66;40;14;24;0;0;0;0;0;0;43;12;66;40;14;24;0;1;0;0;1;1;3
4;6;16;8;4;6;4;6;0;0;4;6;0;0;16;8;0;0;0;0;1;1;0;0;2
20;99;50;59;13;99;0;99;0;0;0;99;20;0;50;59;13;0;1;0;0;0;1;0;2
47;65;44;63;47;43;47;0;0;0;47;0;0;65;44;63;0;43;0;0;0;0;0;0;0
22;16;33;57;22;5;22;0;0;0;22;0;0;16;33;57;0;5;0;1;1;0;0;1;3
82;74;42;51;27;49;0;0;0;0;0;0;82;74;42;51;27;49;0;0;0;0;1;0;1
68;44;78;56;136;88;0;0;0;0;0;0;68;44;78;56;136;88;0;0;0;0;0;0;0
47;22;90;20;47;11;47;0;0;0;47;0;0;22;90;20;0;11;0;1;0;1;0;1;3
35;40;35;29;52;40;35;40;35;0;0;40;0;0;0;29;52;0;0;0;0;1;0;0;1
45;18;28;15;45;6;45;0;0;0;45;0;0;18;28;15;0;6;0;1;1;1;0;1;4
48;57;45;55;16;85;0;0;0;0;0;0;48;57;45;55;16;85;0;0;0;0;1;0;1
56;39;41;46;56;19;56;0;0;0;56;0;0;39;41;46;0;19;0;0;0;0;0;1;1
51;55;58;60;51;27;51;0;0;0;51;0;0;55;58;60;0;27;0;0;0;0;0;1;1
26;61;36;54;17;30;0;0;0;0;0;0;26;61;36;54;17;30;1;0;1;0;1;1;4
32;73;38;43;21;36;0;0;0;0;0;0;32;73;38;43;21;36;1;0;0;0;1;1;3
22;9;53;63;33;27;0;0;0;0;0;0;22;9;53;63;33;27;1;1;0;0;1;1;4
27;17;20;12;9;8;0;0;0;0;0;0;27;17;20;12;9;8;1;1;1;1;1;1;6
28;36;35;23;28;24;28;0;0;0;28;0;0;36;35;23;0;24;0;1;1;1;0;1;4
56;76;38;77;37;76;0;76;0;0;0;76;56;0;38;77;37;0;0;0;0;0;0;0;0
25;48;45;15;50;48;0;48;0;0;0;48;25;0;45;15;50;0;1;0;0;1;0;0;2
49;18;64;30;24;12;0;0;0;0;0;0;49;18;64;30;24;12;0;1;0;1;1;1;4
34;41;32;35;22;123;0;0;0;0;0;0;34;41;32;35;22;123;1;0;1;1;1;0;4
60;35;22;34;40;35;0;35;0;0;0;35;60;0;22;34;40;0;0;0;1;1;0;0;2
90;46;17;90;90;46;90;46;0;90;90;46;0;0;17;0;0;0;0;0;1;0;0;0;1
94;71;42;78;94;213;94;0;0;0;94;0;0;71;42;78;0;213;0;0;0;0;0;0;0
16;19;66;26;8;19;0;19;0;0;0;19;16;0;66;26;8;0;1;0;0;1;1;0;3
23;25;23;22;69;25;23;25;23;0;0;25;0;0;0;22;69;0;0;0;0;1;0;0;1
61;86;71;9;61;28;61;0;0;0;61;0;0;86;71;9;0;28;0;0;0;1;0;1;2
63;83;84;95;63;83;63;83;0;0;63;83;0;0;84;95;0;0;0;0;0;0;0;0;0
48;23;6;85;24;23;0;23;0;0;0;23;48;0;6;85;24;0;0;0;1;0;1;0;2
84;65;90;43;84;65;84;65;0;0;84;65;0;0;90;43;0;0;0;0;0;0;0;0;0
71;80;72;84;35;160;0;0;0;0;0;0;71;80;72;84;35;160;0;0;0;0;1;0;1
22;50;63;45;14;50;0;50;0;0;0;50;22;0;63;45;14;0;1;0;0;0;1;0;2
10;26;55;57;10;17;10;0;0;0;10;0;0;26;55;57;0;17;0;1;0;0;0;1;2
62;70;35;88;41;105;0;0;0;0;0;0;62;70;35;88;41;105;0;0;1;0;0;0;1
16;33;23;51;16;33;16;33;0;0;16;33;0;0;23;51;0;0;0;0;1;0;0;0;1
73;49;51;26;146;49;0;49;0;0;0;49;73;0;51;26;146;0;0;0;0;1;0;0;1
52;10;12;44;104;20;0;0;0;0;0;0;52;10;12;44;104;20;0;1;1;0;0;1;3
82;36;83;42;164;36;0;36;0;0;0;36;82;0;83;42;164;0;0;0;0;0;0;0;0
34;28;31;24;22;18;0;0;0;0;0;0;34;28;31;24;22;18;1;1;1;1;1;1;6
81;36;65;34;40;72;0;0;0;0;0;0;81;36;65;34;40;72;0;1;0;1;0;0;2
26;34;60;63;39;34;0;34;0;0;0;34;26;0;60;63;39;0;1;0;0;0;0;0;1
65;64;54;53;32;96;0;0;0;0;0;0;65;64;54;53;32;96;0;0;0;0;1;0;1
42;13;60;17;28;13;0;13;0;0;0;13;42;0;60;17;28;0;0;0;0;1;1;0;2
53;36;19;67;53;54;53;0;0;0;53;0;0;36;19;67;0;54;0;1;1;0;0;0;2
38;81;23;39;114;27;0;0;0;0;0;0;38;81;23;39;114;27;0;0;1;0;0;1;2
17;16;24;8;17;32;17;0;0;0;17;0;0;16;24;8;0;32;0;1;1;1;0;1;4
45;8;9;34;22;2;0;0;0;0;0;0;45;8;9;34;22;2;0;1;1;1;1;1;5
40;58;43;35;13;58;0;58;0;0;0;58;40;0;43;35;13;0;0;0;0;1;1;0;2
44;10;15;36;44;10;44;10;0;0;44;10;0;0;15;36;0;0;0;0;1;1;0;0;2
12;51;47;1;12;51;12;51;0;0;12;51;0;0;47;1;0;0;0;0;0;1;0;0;1
40;52;34;36;26;52;0;52;0;0;0;52;40;0;34;36;26;0;0;0;1;1;1;0;3
74;76;33;25;49;38;0;0;0;0;0;0;74;76;33;25;49;38;0;0;1;1;0;0;2
31;74;30;54;93;37;0;0;0;0;0;0;31;74;30;54;93;37;1;0;1;0;0;0;2
97;81;59;71;64;81;0;81;0;0;0;81;97;0;59;71;64;0;0;0;0;0;0;0;0
55;56;57;57;55;56;55;56;57;57;55;56;0;0;0;0;0;0;0;0;0;0;0;0;0
20;32;30;41;13;32;0;32;0;0;0;32;20;0;30;41;13;0;1;0;1;0;1;0;3
35;11;19;14;35;11;35;11;0;0;35;11;0;0;19;14;0;0;0;0;1;1;0;0;2
52;47;31;82;34;23;0;0;0;0;0;0;52;47;31;82;34;23;0;0;1;0;1;1;3
63;54;27;68;126;162;0;0;0;0;0;0;63;54;27;68;126;162;0;0;1;0;0;0;1
41;32;16;68;27;32;0;32;0;0;0;32;41;0;16;68;27;0;0;0;1;0;1;0;2
43;56;42;78;14;37;0;0;0;0;0;0;43;56;42;78;14;37;0;0;0;0;1;0;1
8;73;10;27;8;146;8;0;0;0;8;0;0;73;10;27;0;146;0;0;1;1;0;0;2
59;28;22;49;118;28;0;28;0;0;0;28;59;0;22;49;118;0;0;0;1;0;0;0;1
45;31;37;55;90;46;0;0;0;0;0;0;45;31;37;55;90;46;0;1;0;0;0;0;1
67;74;21;66;201;49;0;0;0;0;0;0;67;74;21;66;201;49;0;0;1;0;0;0;1
63;58;54;22;31;58;0;58;0;0;0;58;63;0;54;22;31;0;0;0;0;1;1;0;2
39;32;48;19;39;16;39;0;0;0;39;0;0;32;48;19;0;16;0;1;0;1;0;1;3
37;50;34;39;12;100;0;0;0;0;0;0;37;50;34;39;12;100;0;0;1;0;1;0;2
34;25;37;20;102;8;0;0;0;0;0;0;34;25;37;20;102;8;1;1;0;1;0;1;4
37;22;86;22;111;7;0;22;0;22;0;0;37;0;86;0;111;7;0;0;0;0;0;1;1
79;20;29;79;158;10;79;0;0;79;0;0;0;20;29;0;158;10;0;1;1;0;0;1;3
45;88;78;88;45;132;45;88;0;88;45;0;0;0;78;0;0;132;0;0;0;0;0;0;0
42;30;21;41;21;30;0;30;21;0;21;30;42;0;0;41;0;0;0;0;0;0;0;0;0
59;82;55;48;59;27;59;0;0;0;59;0;0;82;55;48;0;27;0;0;0;0;0;1;1
96;60;87;80;192;60;0;60;0;0;0;60;96;0;87;80;192;0;0;0;0;0;0;0;0
51;10;57;17;34;30;0;0;0;0;0;0;51;10;57;17;34;30;0;1;0;1;1;1;4
49;49;58;44;98;98;49;49;0;0;98;98;0;0;58;44;0;0;0;0;0;0;0;0;0
2;68;7;64;2;34;2;0;0;0;2;0;0;68;7;64;0;34;0;0;1;0;0;1;2
27;73;10;24;18;73;0;73;0;0;0;73;27;0;10;24;18;0;1;0;1;1;1;0;4
9;36;54;61;3;18;0;0;0;0;0;0;9;36;54;61;3;18;1;1;0;0;1;1;4
34;17;75;84;34;17;34;17;0;0;34;17;0;0;75;84;0;0;0;0;0;0;0;0;0
78;67;65;89;39;67;0;67;0;0;0;67;78;0;65;89;39;0;0;0;0;0;0;0;0
39;92;67;89;117;30;0;0;0;0;0;0;39;92;67;89;117;30;0;0;0;0;0;1;1
56;61;62;48;56;61;56;61;0;0;56;61;0;0;62;48;0;0;0;0;0;0;0;0;0
25;37;33;47;25;74;25;0;0;0;25;0;0;37;33;47;0;74;0;0;1;0;0;0;1
41;31;39;17;123;46;0;0;0;0;0;0;41;31;39;17;123;46;0;1;0;1;0;0;2
74;55;50;44;24;165;0;0;0;0;0;0;74;55;50;44;24;165;0;0;0;0;1;0;1
60;48;43;36;20;48;0;48;0;0;0;48;60;0;43;36;20;0;0;0;0;1;1;0;2
27;29;27;14;54;14;27;0;27;14;0;14;0;29;0;0;54;0;0;1;0;0;0;0;1
19;20;20;27;6;60;0;20;20;0;0;0;19;0;0;27;6;60;1;0;0;1;1;0;3
47;21;50;70;31;7;0;0;0;0;0;0;47;21;50;70;31;7;0;1;0;0;1;1;3
73;15;38;48;219;22;0;0;0;0;0;0;73;15;38;48;219;22;0;1;0;0;0;1;2
61;66;13;40;61;22;61;0;0;0;61;0;0;66;13;40;0;22;0;0;1;0;0;1;2
76;75;60;54;114;112;0;0;0;0;0;0;76;75;60;54;114;112;0;0;0;0;0;0;0
22;22;22;22;22;7;22;22;22;22;22;0;0;0;0;0;0;7;0;0;0;0;0;1;1
73;51;77;80;73;17;73;0;0;0;73;0;0;51;77;80;0;17;0;0;0;0;0;1;1
41;16;40;3;41;16;41;16;0;0;41;16;0;0;40;3;0;0;0;0;0;1;0;0;1
40;14;38;46;26;28;0;0;0;0;0;0;40;14;38;46;26;28;0;1;0;0;1;1;3
88;70;82;20;88;70;88;70;0;0;88;70;0;0;82;20;0;0;0;0;0;1;0;0;1
21;45;33;5;21;67;21;0;0;0;21;0;0;45;33;5;0;67;0;0;1;1;0;0;2
80;62;98;60;53;62;0;62;0;0;0;62;80;0;98;60;53;0;0;0;0;0;0;0;0
48;45;75;55;72;135;0;0;0;0;0;0;48;45;75;55;72;135;0;0;0;0;0;0;0
76;3;34;45;76;1;76;0;0;0;76;0;0;3;34;45;0;1;0;1;1;0;0;1;3
7;16;4;9;7;10;7;0;0;0;7;0;0;16;4;9;0;10;0;1;1;1;0;1;4
36;23;18;16;108;11;0;0;0;0;0;0;36;23;18;16;108;11;1;1;1;1;0;1;5
47;58;30;51;23;116;0;0;0;0;0;0;47;58;30;51;23;116;0;0;1;0;1;0;2
33;81;30;85;49;81;0;81;0;0;0;81;33;0;30;85;49;0;1;0;1;0;0;0;2
79;13;18;71;237;26;0;0;0;0;0;0;79;13;18;71;237;26;0;1;1;0;0;1;3
81;74;78;35;81;74;81;74;0;0;81;74;0;0;78;35;0;0;0;0;0;1;0;0;1
67;21;32;42;67;10;67;0;0;0;67;0;0;21;32;42;0;10;0;1;1;0;0;1;3
44;37;51;70;66;18;0;0;0;0;0;0;44;37;51;70;66;18;0;0;0;0;0;1;1
16;11;28;38;32;33;0;0;0;0;0;0;16;11;28;38;32;33;1;1;1;0;1;1;5
44;55;70;41;14;165;0;0;0;0;0;0;44;55;70;41;14;165;0;0;0;0;1;0;1
19;59;32;75;12;177;0;0;0;0;0;0;19;59;32;75;12;177;1;0;1;0;1;0;3
27;16;44;60;9;16;0;16;0;0;0;16;27;0;44;60;9;0;1;0;0;0;1;0;2
31;34;78;53;31;34;31;34;0;0;31;34;0;0;78;53;0;0;0;0;0;0;0;0;0
65;69;65;85;32;69;65;69;65;0;0;69;0;0;0;85;32;0;0;0;0;0;1;0;1
55;24;69;37;55;24;55;24;0;0;55;24;0;0;69;37;0;0;0;0;0;0;0;0;0
63;51;41;90;31;153;0;0;0;0;0;0;63;51;41;90;31;153;0;0;0;0;1;0;1
32;20;59;48;48;30;0;0;0;48;48;0;32;20;59;0;0;30;1;1;0;0;0;1;3
66;91;71;55;132;182;0;0;0;0;0;0;66;91;71;55;132;182;0;0;0;0;0;0;0
38;43;36;33;12;28;0;0;0;0;0;0;38;43;36;33;12;28;0;0;1;1;1;1;4
20;58;23;19;20;58;20;58;0;0;20;58;0;0;23;19;0;0;0;0;1;1;0;0;2
29;18;12;8;14;6;0;0;0;0;0;0;29;18;12;8;14;6;1;1;1;1;1;1;6
9;45;20;19;9;45;9;45;0;0;9;45;0;0;20;19;0;0;0;0;1;1;0;0;2
42;50;81;70;126;150;0;0;0;0;0;0;42;50;81;70;126;150;0;0;0;0;0;0;0
50;70;56;78;33;140;0;0;0;0;0;0;50;70;56;78;33;140;0;0;0;0;1;0;1
96;66;47;54;96;132;96;0;0;0;96;0;0;66;47;54;0;132;0;0;0;0;0;0;0
46;32;47;15;15;64;0;0;0;15;15;0;46;32;47;0;0;64;0;1;0;0;0;0;1
92;94;20;39;184;282;0;0;0;0;0;0;92;94;20;39;184;282;0;0;1;0;0;0;1
63;70;35;46;21;35;0;0;35;0;0;35;63;70;0;46;21;0;0;0;0;0;1;0;1
10;36;39;12;20;36;0;36;0;0;0;36;10;0;39;12;20;0;1;0;0;1;1;0;3
18;53;28;43;9;35;0;0;0;0;0;0;18;53;28;43;9;35;1;0;1;0;1;1;4
16;35;34;23;16;70;16;0;0;0;16;0;0;35;34;23;0;70;0;1;1;1;0;0;3
40;23;41;28;40;11;40;0;0;0;40;0;0;23;41;28;0;11;0;1;0;1;0;1;3
45;68;35;35;30;45;45;0;35;35;0;45;0;68;0;0;30;0;0;0;0;0;1;0;1
65;75;85;73;65;225;65;0;0;0;65;0;0;75;85;73;0;225;0;0;0;0;0;0;0
62;28;83;74;31;14;0;0;0;0;0;0;62;28;83;74;31;14;0;1;0;0;1;1;3
15;29;6;52;10;29;0;29;0;0;0;29;15;0;6;52;10;0;1;0;1;0;1;0;3
18;13;39;63;36;39;0;0;39;0;0;39;18;13;0;63;36;0;1;1;0;0;1;0;3
38;63;28;27;76;63;0;63;0;0;0;63;38;0;28;27;76;0;0;0;1;1;0;0;2
85;33;6;88;28;99;0;0;0;0;0;0;85;33;6;88;28;99;0;1;1;0;1;0;3
46;84;69;83;23;84;0;84;0;0;0;84;46;0;69;83;23;0;0;0;0;0;1;0;1
63;53;79;37;42;53;0;53;0;0;0;53;63;0;79;37;42;0;0;0;0;0;0;0;0
59;59;61;69;88;118;59;59;0;0;0;0;0;0;61;69;88;118;0;0;0;0;0;0;0
30;48;48;40;60;16;0;48;48;0;0;0;30;0;0;40;60;16;1;0;0;0;0;1;2
67;47;38;58;67;94;67;0;0;0;67;0;0;47;38;58;0;94;0;0;0;0;0;0;0
45;61;58;38;67;183;0;0;0;0;0;0;45;61;58;38;67;183;0;0;0;0;0;0;0
57;23;32;20;57;15;57;0;0;0;57;0;0;23;32;20;0;15;0;1;1;1;0;1;4
14;21;58;46;42;21;0;21;0;0;0;21;14;0;58;46;42;0;1;0;0;0;0;0;1
24;53;45;43;24;53;24;53;0;0;24;53;0;0;45;43;0;0;0;0;0;0;0;0;0
29;41;25;33;29;82;29;0;0;0;29;0;0;41;25;33;0;82;0;0;1;1;0;0;2
54;44;32;44;108;29;0;44;0;44;0;0;54;0;32;0;108;29;0;0;1;0;0;1;2
20;69;28;17;13;34;0;0;0;0;0;0;20;69;28;17;13;34;1;0;1;1;1;1;5
86;24;30;66;129;24;0;24;0;0;0;24;86;0;30;66;129;0;0;0;1;0;0;0;1
32;25;19;30;32;50;32;0;0;0;32;0;0;25;19;30;0;50;0;1;1;1;0;0;3
74;41;80;28;148;82;0;0;0;0;0;0;74;41;80;28;148;82;0;0;0;1;0;0;1
40;53;61;58;60;79;0;0;0;0;0;0;40;53;61;58;60;79;0;0;0;0;0;0;0
37;52;49;36;37;17;37;0;0;0;37;0;0;52;49;36;0;17;0;0;0;1;0;1;2
88;19;42;80;29;28;0;0;0;0;0;0;88;19;42;80;29;28;0;1;0;0;1;1;3
32;39;24;39;16;39;0;39;0;39;0;39;32;0;24;0;16;0;1;0;1;0;1;0;3
29;51;9;22;58;102;0;0;0;0;0;0;29;51;9;22;58;102;1;0;1;1;0;0;3
23;35;38;49;15;17;0;0;0;0;0;0;23;35;38;49;15;17;1;1;0;0;1;1;4
29;35;38;26;29;23;29;0;0;0;29;0;0;35;38;26;0;23;0;1;0;1;0;1;3
43;59;91;36;129;19;0;0;0;0;0;0;43;59;91;36;129;19;0;0;0;1;0;1;2
29;20;36;26;29;20;29;20;0;0;29;20;0;0;36;26;0;0;0;0;1;1;0;0;2
41;45;43;52;82;90;0;0;0;0;0;0;41;45;43;52;82;90;0;0;0;0;0;0;0
25;17;71;22;8;8;0;0;0;0;8;8;25;17;71;22;0;0;1;1;0;1;0;0;3
49;92;68;89;24;61;0;0;0;0;0;0;49;92;68;89;24;61;0;0;0;0;1;0;1
48;67;65;45;32;33;0;0;0;0;0;0;48;67;65;45;32;33;0;0;0;0;1;1;2
44;29;35;10;29;43;0;29;0;0;29;0;44;0;35;10;0;43;0;0;1;1;0;0;2
9;61;6;50;9;122;9;0;0;0;9;0;0;61;6;50;0;122;0;0;1;0;0;0;1
28;34;71;31;14;51;0;0;0;0;0;0;28;34;71;31;14;51;1;1;0;1;1;0;4
35;62;32;8;35;124;35;0;0;0;35;0;0;62;32;8;0;124;0;0;1;1;0;0;2
17;37;61;46;8;12;0;0;0;0;0;0;17;37;61;46;8;12;1;0;0;0;1;1;3
57;60;50;13;57;90;57;0;0;0;57;0;0;60;50;13;0;90;0;0;0;1;0;0;1
81;63;28;16;27;63;0;63;0;0;0;63;81;0;28;16;27;0;0;0;1;1;1;0;3
19;25;23;43;12;50;0;0;0;0;0;0;19;25;23;43;12;50;1;1;1;0;1;0;4
64;79;62;48;64;118;64;0;0;0;64;0;0;79;62;48;0;118;0;0;0;0;0;0;0
53;36;30;78;79;24;0;0;0;0;0;0;53;36;30;78;79;24;0;1;1;0;0;1;3
65;72;37;55;32;48;0;0;0;0;0;0;65;72;37;55;32;48;0;0;0;0;1;0;1
68;73;56;17;102;73;0;73;0;0;0;73;68;0;56;17;102;0;0;0;0;1;0;0;1
76;57;72;78;50;114;0;0;0;0;0;0;76;57;72;78;50;114;0;0;0;0;0;0;0
60;41;50;83;120;20;0;0;0;0;0;0;60;41;50;83;120;20;0;0;0;0;0;1;1
72;77;48;80;216;115;0;0;0;0;0;0;72;77;48;80;216;115;0;0;0;0;0;0;0
46;44;29;42;138;66;0;0;0;0;0;0;46;44;29;42;138;66;0;0;1;0;0;0;1
72;69;89;49;48;34;0;0;0;0;0;0;72;69;89;49;48;34;0;0;0;0;0;1;1
48;26;26;30;16;26;0;26;26;0;0;26;48;0;0;30;16;0;0;0;0;1;1;0;2
29;46;63;18;29;15;29;0;0;0;29;0;0;46;63;18;0;15;0;0;0;1;0;1;2
29;58;35;75;29;29;29;0;0;0;29;29;0;58;35;75;0;0;0;0;1;0;0;0;1
39;51;62;12;39;153;39;0;0;0;39;0;0;51;62;12;0;153;0;0;0;1;0;0;1
66;73;46;57;99;109;0;0;0;0;0;0;66;73;46;57;99;109;0;0;0;0;0;0;0
24;19;46;5;12;28;0;0;0;0;0;0;24;19;46;5;12;28;1;1;0;1;1;1;5
93;94;47;88;93;94;93;94;0;0;93;94;0;0;47;88;0;0;0;0;0;0;0;0;0
73;46;46;90;146;46;0;46;46;0;0;46;73;0;0;90;146;0;0;0;0;0;0;0;0
54;44;63;60;108;22;0;0;0;0;0;0;54;44;63;60;108;22;0;0;0;0;0;1;1
47;89;63;62;141;133;0;0;0;0;0;0;47;89;63;62;141;133;0;0;0;0;0;0;0
62;72;67;53;20;144;0;0;0;0;0;0;62;72;67;53;20;144;0;0;0;0;1;0;1
22;35;40;28;14;70;0;0;0;0;0;0;22;35;40;28;14;70;1;1;0;1;1;0;4
49;59;19;38;147;39;0;0;0;0;0;0;49;59;19;38;147;39;0;0;1;0;0;0;1
5;56;57;6;2;37;0;0;0;0;0;0;5;56;57;6;2;37;1;0;0;1;1;0;3
52;31;41;86;104;93;0;0;0;0;0;0;52;31;41;86;104;93;0;1;0;0;0;0;1
92;66;67;54;184;99;0;0;0;0;0;0;92;66;67;54;184;99;0;0;0;0;0;0;0
16;70;58;37;5;210;0;0;0;0;0;0;16;70;58;37;5;210;1;0;0;0;1;0;2
49;46;57;42;73;30;0;0;0;0;0;0;49;46;57;42;73;30;0;0;0;0;0;1;1
16;31;65;48;5;31;0;31;0;0;0;31;16;0;65;48;5;0;1;0;0;0;1;0;2
46;46;31;29;92;23;46;46;0;0;0;0;0;0;31;29;92;23;0;0;1;1;0;1;3
31;29;25;41;20;29;0;29;0;0;0;29;31;0;25;41;20;0;1;0;1;0;1;0;3
39;43;54;62;26;86;0;0;0;0;0;0;39;43;54;62;26;86;0;0;0;0;1;0;1
18;26;31;34;18;78;18;0;0;0;18;0;0;26;31;34;0;78;0;1;1;1;0;0;3
10;23;35;46;10;34;10;0;0;0;10;0;0;23;35;46;0;34;0;1;1;0;0;1;3
56;9;19;53;28;18;0;0;0;0;0;0;56;9;19;53;28;18;0;1;1;0;1;1;4
48;22;48;44;72;11;48;0;48;0;0;0;0;22;0;44;72;11;0;1;0;0;0;1;2
46;4;43;54;30;12;0;0;0;0;0;0;46;4;43;54;30;12;0;1;0;0;1;1;3
22;74;52;52;66;222;0;0;52;52;0;0;22;74;0;0;66;222;1;0;0;0;0;0;1
3;29;19;18;3;29;3;29;0;0;3;29;0;0;19;18;0;0;0;0;1;1;0;0;2
39;80;73;51;78;26;0;0;0;0;0;0;39;80;73;51;78;26;0;0;0;0;0;1;1
45;36;62;49;45;12;45;0;0;0;45;0;0;36;62;49;0;12;0;1;0;0;0;1;2
14;87;29;37;9;87;0;87;0;0;0;87;14;0;29;37;9;0;1;0;1;0;1;0;3
62;63;64;35;62;94;62;0;0;0;62;0;0;63;64;35;0;94;0;0;0;1;0;0;1
58;45;73;35;116;45;0;45;0;0;0;45;58;0;73;35;116;0;0;0;0;1;0;0;1
50;82;59;38;16;82;0;82;0;0;0;82;50;0;59;38;16;0;0;0;0;0;1;0;1
57;54;62;60;171;54;0;54;0;0;0;54;57;0;62;60;171;0;0;0;0;0;0;0;0
78;70;10;83;78;105;78;0;0;0;78;0;0;70;10;83;0;105;0;0;1;0;0;0;1
30;10;47;30;90;15;30;0;0;30;0;0;0;10;47;0;90;15;0;1;0;0;0;1;2
88;60;54;15;58;60;0;60;0;0;0;60;88;0;54;15;58;0;0;0;0;1;0;0;1
3;58;47;22;1;38;0;0;0;0;0;0;3;58;47;22;1;38;1;0;0;1;1;0;3
38;73;12;67;38;73;38;73;0;0;38;73;0;0;12;67;0;0;0;0;1;0;0;0;1
35;30;56;14;11;20;0;0;0;0;0;0;35;30;56;14;11;20;1;1;0;1;1;1;5
27;35;38;50;27;17;27;0;0;0;27;0;0;35;38;50;0;17;0;1;0;0;0;1;2
60;35;44;53;60;52;60;0;0;0;60;0;0;35;44;53;0;52;0;1;0;0;0;0;1
62;57;16;77;62;171;62;0;0;0;62;0;0;57;16;77;0;171;0;0;1;0;0;0;1
72;88;44;69;24;44;0;0;44;0;0;44;72;88;0;69;24;0;0;0;0;0;1;0;1
37;37;40;56;37;12;37;37;0;0;37;0;0;0;40;56;0;12;0;0;0;0;0;1;1
39;58;70;70;39;116;39;0;70;70;39;0;0;58;0;0;0;116;0;0;0;0;0;0;0
83;57;40;52;83;85;83;0;0;0;83;0;0;57;40;52;0;85;0;0;0;0;0;0;0
64;66;62;73;64;66;64;66;0;0;64;66;0;0;62;73;0;0;0;0;0;0;0;0;0
31;51;59;52;15;17;0;0;0;0;0;0;31;51;59;52;15;17;1;0;0;0;1;1;3
92;44;65;39;138;44;0;44;0;0;0;44;92;0;65;39;138;0;0;0;0;0;0;0;0
33;28;25;22;66;18;0;0;0;0;0;0;33;28;25;22;66;18;1;1;1;1;0;1;5
36;40;88;79;72;40;0;40;0;0;0;40;36;0;88;79;72;0;1;0;0;0;0;0;1
57;58;92;72;85;19;0;0;0;0;0;0;57;58;92;72;85;19;0;0;0;0;0;1;1
31;52;60;37;31;104;31;0;0;0;31;0;0;52;60;37;0;104;0;0;0;0;0;0;0
55;28;33;84;55;28;55;28;0;0;55;28;0;0;33;84;0;0;0;0;1;0;0;0;1
19;68;83;9;6;68;0;68;0;0;0;68;19;0;83;9;6;0;1;0;0;1;1;0;3
29;59;17;23;87;29;29;0;0;0;0;29;0;59;17;23;87;0;0;0;1;1;0;0;2
61;40;45;58;20;13;0;0;0;0;0;0;61;40;45;58;20;13;0;0;0;0;1;1;2
48;57;39;43;16;28;0;0;0;0;0;0;48;57;39;43;16;28;0;0;0;0;1;1;2
51;45;73;74;25;15;0;0;0;0;0;0;51;45;73;74;25;15;0;0;0;0;1;1;2
45;24;54;20;30;16;0;0;0;0;0;0;45;24;54;20;30;16;0;1;0;1;1;1;4
51;33;35;24;34;66;0;0;0;0;0;0;51;33;35;24;34;66;0;1;1;1;1;0;4
30;17;37;30;10;11;30;0;0;30;0;0;0;17;37;0;10;11;0;1;0;0;1;1;3
32;22;43;40;64;11;0;0;0;0;0;0;32;22;43;40;64;11;1;1;0;0;0;1;3
29;48;34;32;43;48;0;48;0;0;0;48;29;0;34;32;43;0;1;0;1;1;0;0;3
53;29;59;92;53;58;53;0;0;0;53;0;0;29;59;92;0;58;0;1;0;0;0;0;1
41;28;46;47;61;56;0;0;0;0;0;0;41;28;46;47;61;56;0;1;0;0;0;0;1
67;57;64;61;67;57;67;57;0;0;67;57;0;0;64;61;0;0;0;0;0;0;0;0;0
36;84;13;12;36;28;36;0;0;0;36;0;0;84;13;12;0;28;0;0;1;1;0;1;3
60;70;87;38;60;46;60;0;0;0;60;0;0;70;87;38;0;46;0;0;0;0;0;0;0
47;22;22;29;47;44;47;22;22;0;47;0;0;0;0;29;0;44;0;0;0;1;0;0;1
48;79;77;31;32;52;0;0;0;0;0;0;48;79;77;31;32;52;0;0;0;1;1;0;2
48;52;17;26;72;17;0;0;17;0;0;17;48;52;0;26;72;0;0;0;0;1;0;0;1
60;43;71;68;60;86;60;0;0;0;60;0;0;43;71;68;0;86;0;0;0;0;0;0;0
49;52;69;33;24;26;0;0;0;0;0;0;49;52;69;33;24;26;0;0;0;1;1;1;3
65;27;68;29;32;81;0;0;0;0;0;0;65;27;68;29;32;81;0;1;0;1;1;0;3
62;20;23;53;62;6;62;0;0;0;62;0;0;20;23;53;0;6;0;1;1;0;0;1;3
48;52;94;54;32;26;0;0;0;0;0;0;48;52;94;54;32;26;0;0;0;0;1;1;2
47;86;84;61;47;86;47;86;0;0;47;86;0;0;84;61;0;0;0;0;0;0;0;0;0
7;4;49;28;7;4;7;4;0;0;7;4;0;0;49;28;0;0;0;0;0;1;0;0;1
42;28;68;34;21;28;0;28;0;0;0;28;42;0;68;34;21;0;0;0;0;1;1;0;2
74;48;34;71;222;72;0;0;0;0;0;0;74;48;34;71;222;72;0;0;1;0;0;0;1
55;65;61;76;27;97;0;0;0;0;0;0;55;65;61;76;27;97;0;0;0;0;1;0;1
43;40;20;51;28;40;0;40;0;0;0;40;43;0;20;51;28;0;0;0;1;0;1;0;2
58;42;90;83;38;42;0;42;0;0;0;42;58;0;90;83;38;0;0;0;0;0;0;0;0
33;39;23;15;49;26;0;0;0;0;0;0;33;39;23;15;49;26;1;0;1;1;0;1;4
47;47;39;51;141;141;47;47;0;0;141;141;0;0;39;51;0;0;0;0;0;0;0;0;0
60;77;80;77;90;77;0;77;0;77;0;77;60;0;80;0;90;0;0;0;0;0;0;0;0
14;25;7;22;21;16;0;0;0;0;0;0;14;25;7;22;21;16;1;1;1;1;1;1;6
60;68;44;61;180;34;0;0;0;0;0;0;60;68;44;61;180;34;0;0;0;0;0;1;1
36;28;44;48;108;28;0;28;0;0;0;28;36;0;44;48;108;0;1;0;0;0;0;0;1
45;72;57;35;135;216;0;0;0;0;0;0;45;72;57;35;135;216;0;0;0;1;0;0;1
51;27;59;24;17;9;0;0;0;0;0;0;51;27;59;24;17;9;0;1;0;1;1;1;4
82;87;48;76;27;87;0;87;0;0;0;87;82;0;48;76;27;0;0;0;0;0;1;0;1
62;24;40;50;186;24;0;24;0;0;0;24;62;0;40;50;186;0;0;0;0;0;0;0;0
55;43;13;10;55;86;55;0;0;0;55;0;0;43;13;10;0;86;0;0;1;1;0;0;2
26;79;86;46;78;52;0;0;0;0;0;0;26;79;86;46;78;52;1;0;0;0;0;0;1
64;76;53;74;32;38;0;0;0;0;0;0;64;76;53;74;32;38;0;0;0;0;1;0;1
86;36;75;59;57;36;0;36;0;0;0;36;86;0;75;59;57;0;0;0;0;0;0;0;0
66;56;92;11;66;56;66;56;0;0;66;56;0;0;92;11;0;0;0;0;0;1;0;0;1
14;40;47;60;28;60;0;0;0;60;0;60;14;40;47;0;28;0;1;0;0;0;1;0;2
37;76;52;80;74;152;0;0;0;0;0;0;37;76;52;80;74;152;0;0;0;0;0;0;0
53;77;74;73;53;77;53;77;0;0;53;77;0;0;74;73;0;0;0;0;0;0;0;0;0
26;68;88;48;26;102;26;0;0;0;26;0;0;68;88;48;0;102;0;0;0;0;0;0;0
15;7;21;5;5;10;0;0;0;5;5;0;15;7;21;0;0;10;1;1;1;0;0;1;4
65;31;39;52;32;31;0;31;0;0;0;31;65;0;39;52;32;0;0;0;0;0;1;0;1
33;73;91;57;11;73;0;73;0;0;0;73;33;0;91;57;11;0;1;0;0;0;1;0;2
28;58;80;83;28;174;28;0;0;0;28;0;0;58;80;83;0;174;0;0;0;0;0;0;0
66;55;75;51;198;36;0;0;0;0;0;0;66;55;75;51;198;36;0;0;0;0;0;1;1
19;6;21;32;19;2;19;0;0;0;19;0;0;6;21;32;0;2;0;1;1;1;0;1;4
29;26;26;23;19;8;0;26;26;0;0;0;29;0;0;23;19;8;1;0;0;1;1;1;4
65;56;29;31;97;56;0;56;0;0;0;56;65;0;29;31;97;0;0;0;1;1;0;0;2
80;81;66;34;53;243;0;0;0;0;0;0;80;81;66;34;53;243;0;0;0;1;0;0;1
65;54;43;47;65;18;65;0;0;0;65;0;0;54;43;47;0;18;0;0;0;0;0;1;1
67;68;79;57;67;204;67;0;0;0;67;0;0;68;79;57;0;204;0;0;0;0;0;0;0
8;64;79;37;5;64;0;64;0;0;0;64;8;0;79;37;5;0;1;0;0;0;1;0;2
6;39;11;16;18;26;0;0;0;0;0;0;6;39;11;16;18;26;1;0;1;1;1;1;5
3;22;25;65;4;7;0;0;0;0;0;0;3;22;25;65;4;7;1;1;1;0;1;1;5
9;31;64;10;4;93;0;0;0;0;0;0;9;31;64;10;4;93;1;1;0;1;1;0;4
79;55;44;6;26;165;0;0;0;0;0;0;79;55;44;6;26;165;0;0;0;1;1;0;2
40;55;51;19;13;55;0;55;0;0;0;55;40;0;51;19;13;0;0;0;0;1;1;0;2
64;39;75;27;64;117;64;0;0;0;64;0;0;39;75;27;0;117;0;0;0;1;0;0;1
29;41;37;45;29;41;29;41;0;0;29;41;0;0;37;45;0;0;0;0;0;0;0;0;0
75;37;38;61;37;37;0;37;0;0;37;37;75;0;38;61;0;0;0;0;0;0;0;0;0
93;78;52;38;279;78;0;78;0;0;0;78;93;0;52;38;279;0;0;0;0;0;0;0;0
86;79;15;67;258;79;0;79;0;0;0;79;86;0;15;67;258;0;0;0;1;0;0;0;1
63;44;59;45;21;22;0;0;0;0;0;0;63;44;59;45;21;22;0;0;0;0;1;1;2
41;12;37;19;41;12;41;12;0;0;41;12;0;0;37;19;0;0;0;0;0;1;0;0;1
60;74;43;35;20;111;0;0;0;0;0;0;60;74;43;35;20;111;0;0;0;1;1;0;2
62;19;39;32;62;12;62;0;0;0;62;0;0;19;39;32;0;12;0;1;0;1;0;1;3
52;70;32;43;78;70;0;70;0;0;0;70;52;0;32;43;78;0;0;0;1;0;0;0;1
71;26;14;31;23;26;0;26;0;0;0;26;71;0;14;31;23;0;0;0;1;1;1;0;3
64;34;59;44;64;22;64;0;0;0;64;0;0;34;59;44;0;22;0;1;0;0;0;1;2
19;17;63;29;19;8;19;0;0;0;19;0;0;17;63;29;0;8;0;1;0;1;0;1;3
49;45;39;60;16;90;0;0;0;0;0;0;49;45;39;60;16;90;0;0;0;0;1;0;1
49;32;33;39;98;10;0;0;0;0;0;0;49;32;33;39;98;10;0;1;1;0;0;1;3
39;37;39;41;26;55;39;0;39;0;0;0;0;37;0;41;26;55;0;0;0;0;1;0;1
67;68;58;14;201;22;0;0;0;0;0;0;67;68;58;14;201;22;0;0;0;1;0;1;2
5;5;16;13;5;10;5;5;0;0;5;0;0;0;16;13;0;10;0;0;1;1;0;1;3
29;14;7;29;58;28;29;0;0;29;0;0;0;14;7;0;58;28;0;1;1;0;0;1;3
20;66;82;40;10;66;0;66;0;0;0;66;20;0;82;40;10;0;1;0;0;0;1;0;2
19;11;16;13;38;7;0;0;0;0;0;0;19;11;16;13;38;7;1;1;1;1;0;1;5
37;53;19;55;37;35;37;0;0;0;37;0;0;53;19;55;0;35;0;0;1;0;0;1;2
88;46;61;56;176;46;0;46;0;0;0;46;88;0;61;56;176;0;0;0;0;0;0;0;0
38;21;16;28;25;7;0;0;0;0;0;0;38;21;16;28;25;7;0;1;1;1;1;1;5
87;25;41;85;87;12;87;0;0;0;87;0;0;25;41;85;0;12;0;1;0;0;0;1;2
27;11;4;6;27;11;27;11;0;0;27;11;0;0;4;6;0;0;0;0;1;1;0;0;2
82;39;78;44;27;58;0;0;0;0;0;0;82;39;78;44;27;58;0;0;0;0;1;0;1
6;59;57;41;9;19;0;0;0;0;0;0;6;59;57;41;9;19;1;0;0;0;1;1;3
49;59;57;62;73;88;0;0;0;0;0;0;49;59;57;62;73;88;0;0;0;0;0;0;0
22;16;59;39;11;16;0;16;0;0;0;16;22;0;59;39;11;0;1;0;0;0;1;0;2
35;36;47;65;23;18;0;0;0;0;0;0;35;36;47;65;23;18;1;1;0;0;1;1;4
78;32;86;11;117;16;0;0;0;0;0;0;78;32;86;11;117;16;0;1;0;1;0;1;3
40;45;68;22;80;30;0;0;0;0;0;0;40;45;68;22;80;30;0;0;0;1;0;1;2
63;60;59;64;126;40;0;0;0;0;0;0;63;60;59;64;126;40;0;0;0;0;0;0;0
64;78;49;25;128;78;0;78;0;0;0;78;64;0;49;25;128;0;0;0;0;1;0;0;1
72;40;26;86;72;40;72;40;0;0;72;40;0;0;26;86;0;0;0;0;1;0;0;0;1
42;44;52;41;63;44;0;44;0;0;0;44;42;0;52;41;63;0;0;0;0;0;0;0;0
58;45;20;33;116;15;0;0;0;0;0;0;58;45;20;33;116;15;0;0;1;1;0;1;3
36;60;97;78;72;20;0;0;0;0;0;0;36;60;97;78;72;20;1;0;0;0;0;1;2
77;49;74;82;115;32;0;0;0;0;0;0;77;49;74;82;115;32;0;0;0;0;0;1;1
46;31;69;37;69;20;0;0;69;0;69;0;46;31;0;37;0;20;0;1;0;0;0;1;2
32;55;39;56;64;165;0;0;0;0;0;0;32;55;39;56;64;165;1;0;0;0;0;0;1
51;64;54;53;153;96;0;0;0;0;0;0;51;64;54;53;153;96;0;0;0;0;0;0;0
27;42;51;46;27;21;27;0;0;0;27;0;0;42;51;46;0;21;0;0;0;0;0;1;1
86;31;74;48;86;20;86;0;0;0;86;0;0;31;74;48;0;20;0;1;0;0;0;1;2
42;29;17;25;84;29;0;29;0;0;0;29;42;0;17;25;84;0;0;0;1;1;0;0;2
17;45;27;34;17;30;17;0;0;0;17;0;0;45;27;34;0;30;0;0;1;1;0;1;3
33;40;40;47;33;40;33;40;40;0;33;40;0;0;0;47;0;0;0;0;0;0;0;0;0
47;36;62;69;31;72;0;0;0;0;0;0;47;36;62;69;31;72;0;1;0;0;1;0;2
35;12;61;59;70;36;0;0;0;0;0;0;35;12;61;59;70;36;1;1;0;0;0;1;3
11;54;36;70;3;27;0;0;0;0;0;0;11;54;36;70;3;27;1;0;1;0;1;1;4
44;38;31;42;132;19;0;0;0;0;0;0;44;38;31;42;132;19;0;0;1;0;0;1;2
64;33;59;64;192;11;64;0;0;64;0;0;0;33;59;0;192;11;0;1;0;0;0;1;2
79;63;37;54;39;63;0;63;0;0;0;63;79;0;37;54;39;0;0;0;0;0;0;0;0
82;61;76;48;246;61;0;61;0;0;0;61;82;0;76;48;246;0;0;0;0;0;0;0;0
21;64;71;71;21;128;21;0;71;71;21;0;0;64;0;0;0;128;0;0;0;0;0;0;0
43;76;33;29;64;76;0;76;0;0;0;76;43;0;33;29;64;0;0;0;1;1;0;0;2
85;83;88;17;170;41;0;0;0;0;0;0;85;83;88;17;170;41;0;0;0;1;0;0;1
92;80;92;62;61;80;92;80;92;0;0;80;0;0;0;62;61;0;0;0;0;0;0;0;0
48;69;76;44;48;207;48;0;0;0;48;0;0;69;76;44;0;207;0;0;0;0;0;0;0
82;37;60;45;246;18;0;0;0;0;0;0;82;37;60;45;246;18;0;0;0;0;0;1;1
40;38;41;51;40;38;40;38;0;0;40;38;0;0;41;51;0;0;0;0;0;0;0;0;0
84;33;35;65;126;33;0;33;0;0;0;33;84;0;35;65;126;0;0;0;1;0;0;0;1
17;33;77;44;5;33;0;33;0;0;0;33;17;0;77;44;5;0;1;0;0;0;1;0;2
44;79;49;84;14;118;0;0;0;0;0;0;44;79;49;84;14;118;0;0;0;0;1;0;1
11;11;34;62;11;11;11;11;0;0;11;11;0;0;34;62;0;0;0;0;1;0;0;0;1
64;65;75;55;42;43;0;0;0;0;0;0;64;65;75;55;42;43;0;0;0;0;0;0;0
47;32;18;25;47;32;47;32;0;0;47;32;0;0;18;25;0;0;0;0;1;1;0;0;2
23;22;27;64;15;11;0;0;0;0;0;0;23;22;27;64;15;11;1;1;1;0;1;1;5
69;26;30;40;69;26;69;26;0;0;69;26;0;0;30;40;0;0;0;0;1;0;0;0;1
74;16;55;63;111;8;0;0;0;0;0;0;74;16;55;63;111;8;0;1;0;0;0;1;2
26;56;14;75;78;37;0;0;0;0;0;0;26;56;14;75;78;37;1;0;1;0;0;0;2
67;70;54;67;67;70;67;70;0;67;67;70;0;0;54;0;0;0;0;0;0;0;0;0;0
79;44;82;64;26;66;0;0;0;0;0;0;79;44;82;64;26;66;0;0;0;0;1;0;1
53;11;14;23;159;11;0;11;0;0;0;11;53;0;14;23;159;0;0;0;1;1;0;0;2
39;47;46;37;26;141;0;0;0;0;0;0;39;47;46;37;26;141;0;0;0;0;1;0;1
34;39;7;21;51;39;0;39;0;0;0;39;34;0;7;21;51;0;1;0;1;1;0;0;3
48;56;55;39;32;56;0;56;0;0;0;56;48;0;55;39;32;0;0;0;0;0;1;0;1
36;89;64;83;72;29;0;0;0;0;0;0;36;89;64;83;72;29;1;0;0;0;0;1;2
26;45;34;53;26;45;26;45;0;0;26;45;0;0;34;53;0;0;0;0;1;0;0;0;1
24;63;42;70;24;42;24;0;42;0;24;42;0;63;0;70;0;0;0;0;0;0;0;0;0
49;37;45;16;24;111;0;0;0;0;0;0;49;37;45;16;24;111;0;0;0;1;1;0;2
44;47;38;52;29;23;0;0;0;0;0;0;44;47;38;52;29;23;0;0;0;0;1;1;2
37;53;75;38;37;159;37;0;0;0;37;0;0;53;75;38;0;159;0;0;0;0;0;0;0
16;71;49;54;5;142;0;0;0;0;0;0;16;71;49;54;5;142;1;0;0;0;1;0;2
42;47;7;46;21;15;0;0;0;0;0;0;42;47;7;46;21;15;0;0;1;0;1;1;3
67;64;44;83;100;96;0;0;0;0;0;0;67;64;44;83;100;96;0;0;0;0;0;0;0
80;57;56;25;160;38;0;0;0;0;0;0;80;57;56;25;160;38;0;0;0;1;0;0;1
55;19;42;61;110;19;0;19;0;0;0;19;55;0;42;61;110;0;0;0;0;0;0;0;0
97;66;52;56;32;66;0;66;0;0;0;66;97;0;52;56;32;0;0;0;0;0;1;0;1
57;63;78;28;19;63;0;63;0;0;0;63;57;0;78;28;19;0;0;0;0;1;1;0;2
61;56;49;40;122;37;0;0;0;0;0;0;61;56;49;40;122;37;0;0;0;0;0;0;0
63;92;56;77;63;276;63;0;0;0;63;0;0;92;56;77;0;276;0;0;0;0;0;0;0
34;88;54;84;22;88;0;88;0;0;0;88;34;0;54;84;22;0;1;0;0;0;1;0;2
8;65;63;47;5;32;0;0;0;0;0;0;8;65;63;47;5;32;1;0;0;0;1;1;3
48;35;81;47;48;35;48;35;0;0;48;35;0;0;81;47;0;0;0;0;0;0;0;0;0
13;7;13;41;8;2;13;0;13;0;0;0;0;7;0;41;8;2;0;1;0;0;1;1;3
80;60;42;28;80;20;80;0;0;0;80;0;0;60;42;28;0;20;0;0;0;1;0;1;2
2;24;2;14;1;48;2;0;2;0;0;0;0;24;0;14;1;48;0;1;0;1;1;0;3
45;50;64;35;45;150;45;0;0;0;45;0;0;50;64;35;0;150;0;0;0;1;0;0;1
21;46;58;58;21;30;21;0;58;58;21;0;0;46;0;0;0;30;0;0;0;0;0;1;1
66;34;57;65;198;102;0;0;0;0;0;0;66;34;57;65;198;102;0;1;0;0;0;0;1
19;53;56;12;57;159;0;0;0;0;0;0;19;53;56;12;57;159;1;0;0;1;0;0;2
57;72;27;59;114;24;0;0;0;0;0;0;57;72;27;59;114;24;0;0;1;0;0;1;2
11;4;26;23;7;2;0;0;0;0;0;0;11;4;26;23;7;2;1;1;1;1;1;1;6
34;67;36;39;11;67;0;67;0;0;0;67;34;0;36;39;11;0;1;0;1;0;1;0;3
38;31;32;43;76;20;0;0;0;0;0;0;38;31;32;43;76;20;0;1;1;0;0;1;3
75;90;75;80;75;180;75;0;75;0;75;0;0;90;0;80;0;180;0;0;0;0;0;0;0
28;66;64;48;42;198;0;0;0;0;0;0;28;66;64;48;42;198;1;0;0;0;0;0;1
20;84;64;87;10;168;0;0;0;0;0;0;20;84;64;87;10;168;1;0;0;0;1;0;2
57;66;25;18;57;99;57;0;0;0;57;0;0;66;25;18;0;99;0;0;1;1;0;0;2
24;14;40;16;24;4;24;0;0;0;24;0;0;14;40;16;0;4;0;1;0;1;0;1;3
74;36;56;34;148;36;0;36;0;0;0;36;74;0;56;34;148;0;0;0;0;1;0;0;1
57;53;25;30;114;35;0;0;0;0;0;0;57;53;25;30;114;35;0;0;1;1;0;1;3
46;69;72;42;138;207;0;0;0;0;0;0;46;69;72;42;138;207;0;0;0;0;0;0;0
64;83;78;64;192;124;64;0;0;64;0;0;0;83;78;0;192;124;0;0;0;0;0;0;0
21;89;80;42;31;29;0;0;0;0;0;0;21;89;80;42;31;29;1;0;0;0;1;1;3
8;28;39;21;12;28;0;28;0;0;0;28;8;0;39;21;12;0;1;0;0;1;1;0;3
11;23;22;15;33;11;11;0;0;0;0;11;0;23;22;15;33;0;0;1;1;1;1;0;4
21;40;86;15;21;60;21;0;0;0;21;0;0;40;86;15;0;60;0;0;0;1;0;0;1
33;25;64;66;33;25;33;25;0;0;33;25;0;0;64;66;0;0;0;0;0;0;0;0;0
64;62;56;62;192;62;0;62;0;62;0;62;64;0;56;0;192;0;0;0;0;0;0;0;0
54;63;35;57;54;21;54;0;0;0;54;0;0;63;35;57;0;21;0;0;1;0;0;1;2
14;49;56;28;14;73;14;0;0;0;14;0;0;49;56;28;0;73;0;0;0;1;0;0;1
79;35;64;56;118;17;0;0;0;0;0;0;79;35;64;56;118;17;0;1;0;0;0;1;2
29;66;79;64;9;66;0;66;0;0;0;66;29;0;79;64;9;0;1;0;0;0;1;0;2
64;51;50;69;32;51;0;51;0;0;0;51;64;0;50;69;32;0;0;0;0;0;1;0;1
22;38;38;81;11;38;0;38;38;0;0;38;22;0;0;81;11;0;1;0;0;0;1;0;2
60;69;22;41;60;207;60;0;0;0;60;0;0;69;22;41;0;207;0;0;1;0;0;0;1
62;74;90;50;62;74;62;74;0;0;62;74;0;0;90;50;0;0;0;0;0;0;0;0;0
28;70;48;27;84;46;0;0;0;0;0;0;28;70;48;27;84;46;1;0;0;1;0;0;2
27;66;35;83;13;33;0;0;0;0;0;0;27;66;35;83;13;33;1;0;1;0;1;1;4
31;11;43;17;10;16;0;0;0;0;0;0;31;11;43;17;10;16;1;1;0;1;1;1;5
63;48;20;33;126;48;0;48;0;0;0;48;63;0;20;33;126;0;0;0;1;1;0;0;2
64;48;65;63;32;144;0;0;0;0;0;0;64;48;65;63;32;144;0;0;0;0;1;0;1
55;43;19;43;110;129;0;43;0;43;0;0;55;0;19;0;110;129;0;0;1;0;0;0;1
30;31;12;31;90;31;0;31;0;31;0;31;30;0;12;0;90;0;1;0;1;0;0;0;2
23;54;48;43;11;36;0;0;0;0;0;0;23;54;48;43;11;36;1;0;0;0;1;1;3
40;43;52;34;13;28;0;0;0;0;0;0;40;43;52;34;13;28;0;0;0;1;1;1;3
16;18;73;8;16;9;16;0;0;0;16;0;0;18;73;8;0;9;0;1;0;1;0;1;3
22;56;43;30;22;168;22;0;0;0;22;0;0;56;43;30;0;168;0;0;0;1;0;0;1
64;66;42;62;64;44;64;0;0;0;64;0;0;66;42;62;0;44;0;0;0;0;0;0;0
44;68;41;60;29;204;0;0;0;0;0;0;44;68;41;60;29;204;0;0;0;0;1;0;1
38;39;89;78;12;58;0;0;0;0;0;0;38;39;89;78;12;58;0;0;0;0;1;0;1
35;40;35;47;35;20;35;0;35;0;35;0;0;40;0;47;0;20;0;0;0;0;0;1;1
51;59;66;46;25;118;0;0;0;0;0;0;51;59;66;46;25;118;0;0;0;0;1;0;1
50;53;77;74;50;26;50;0;0;0;50;0;0;53;77;74;0;26;0;0;0;0;0;1;1
67;31;79;70;44;62;0;0;0;0;0;0;67;31;79;70;44;62;0;1;0;0;0;0;1
68;54;44;37;102;36;0;0;0;0;0;0;68;54;44;37;102;36;0;0;0;0;0;1;1
70;80;58;47;70;80;70;80;0;0;70;80;0;0;58;47;0;0;0;0;0;0;0;0;0
32;40;26;33;16;40;0;40;0;0;0;40;32;0;26;33;16;0;1;0;1;1;1;0;4
3;6;41;26;1;9;0;0;0;0;0;0;3;6;41;26;1;9;1;1;0;1;1;1;5
75;84;66;87;50;56;0;0;0;0;0;0;75;84;66;87;50;56;0;0;0;0;0;0;0
67;36;37;36;44;36;0;36;0;36;0;36;67;0;37;0;44;0;0;0;0;0;0;0;0
51;35;61;40;51;35;51;35;0;0;51;35;0;0;61;40;0;0;0;0;0;0;0;0;0
23;59;44;76;46;177;0;0;0;0;0;0;23;59;44;76;46;177;1;0;0;0;0;0;1
44;55;82;50;44;55;44;55;0;0;44;55;0;0;82;50;0;0;0;0;0;0;0;0;0
8;29;18;39;2;29;0;29;0;0;0;29;8;0;18;39;2;0;1;0;1;0;1;0;3
60;25;52;37;60;75;60;0;0;0;60;0;0;25;52;37;0;75;0;1;0;0;0;0;1
69;74;43;83;46;111;0;0;0;0;0;0;69;74;43;83;46;111;0;0;0;0;0;0;0
58;54;31;35;174;36;0;0;0;0;0;0;58;54;31;35;174;36;0;0;1;1;0;1;3
80;32;39;23;40;48;0;0;0;0;0;0;80;32;39;23;40;48;0;1;0;1;0;0;2
84;35;84;6;252;35;84;35;84;0;0;35;0;0;0;6;252;0;0;0;0;1;0;0;1
11;89;62;58;11;89;11;89;0;0;11;89;0;0;62;58;0;0;0;0;0;0;0;0;0
20;15;27;10;40;10;0;0;0;10;0;10;20;15;27;0;40;0;1;1;1;0;0;0;3
25;28;34;7;25;18;25;0;0;0;25;0;0;28;34;7;0;18;0;1;1;1;0;1;4
57;62;56;47;38;62;0;62;0;0;0;62;57;0;56;47;38;0;0;0;0;0;0;0;0
54;58;71;63;18;174;0;0;0;0;0;0;54;58;71;63;18;174;0;0;0;0;1;0;1
83;81;23;35;83;81;83;81;0;0;83;81;0;0;23;35;0;0;0;0;1;1;0;0;2
61;51;15;10;61;153;61;0;0;0;61;0;0;51;15;10;0;153;0;0;1;1;0;0;2
81;79;87;86;162;79;0;79;0;0;0;79;81;0;87;86;162;0;0;0;0;0;0;0;0
57;52;46;78;57;78;57;0;0;78;57;78;0;52;46;0;0;0;0;0;0;0;0;0;0
70;50;67;54;35;150;0;0;0;0;0;0;70;50;67;54;35;150;0;0;0;0;1;0;1
52;37;64;51;34;12;0;0;0;0;0;0;52;37;64;51;34;12;0;0;0;0;1;1;2
81;55;76;87;121;18;0;0;0;0;0;0;81;55;76;87;121;18;0;0;0;0;0;1;1
55;53;42;44;18;53;0;53;0;0;0;53;55;0;42;44;18;0;0;0;0;0;1;0;1
66;59;79;53;22;29;0;0;0;0;0;0;66;59;79;53;22;29;0;0;0;0;1;1;2
41;15;57;27;27;7;0;0;0;27;27;0;41;15;57;0;0;7;0;1;0;0;0;1;2
40;60;73;82;60;120;0;60;0;0;60;0;40;0;73;82;0;120;0;0;0;0;0;0;0
17;13;72;25;17;4;17;0;0;0;17;0;0;13;72;25;0;4;0;1;0;1;0;1;3
54;57;68;59;54;114;54;0;0;0;54;0;0;57;68;59;0;114;0;0;0;0;0;0;0
84;50;47;75;84;25;84;0;0;0;84;0;0;50;47;75;0;25;0;0;0;0;0;1;1
85;21;33;22;85;31;85;0;0;0;85;0;0;21;33;22;0;31;0;1;1;1;0;1;4
55;41;53;31;27;20;0;0;0;0;0;0;55;41;53;31;27;20;0;0;0;1;1;1;3
41;40;35;36;123;60;0;0;0;0;0;0;41;40;35;36;123;60;0;0;1;1;0;0;2
76;6;44;19;38;6;0;6;0;0;0;6;76;0;44;19;38;0;0;0;0;1;0;0;1
30;51;32;31;45;25;0;0;0;0;0;0;30;51;32;31;45;25;1;0;1;1;0;1;4
18;73;13;89;36;219;0;0;0;0;0;0;18;73;13;89;36;219;1;0;1;0;1;0;3
53;51;52;83;35;51;0;51;0;0;0;51;53;0;52;83;35;0;0;0;0;0;1;0;1
29;69;76;71;19;46;0;0;0;0;0;0;29;69;76;71;19;46;1;0;0;0;1;0;2
25;11;70;66;75;5;0;0;0;0;0;0;25;11;70;66;75;5;1;1;0;0;0;1;3
40;12;46;30;20;4;0;0;0;0;0;0;40;12;46;30;20;4;0;1;0;1;1;1;4
46;29;65;41;46;43;46;0;0;0;46;0;0;29;65;41;0;43;0;1;0;0;0;0;1
33;49;12;53;16;147;0;0;0;0;0;0;33;49;12;53;16;147;1;0;1;0;1;0;3
65;28;54;36;43;56;0;0;0;0;0;0;65;28;54;36;43;56;0;1;0;1;0;0;2
56;64;65;84;84;21;0;0;0;84;84;0;56;64;65;0;0;21;0;0;0;0;0;1;1
29;23;41;4;87;69;0;0;0;0;0;0;29;23;41;4;87;69;1;1;0;1;0;0;3
58;68;24;89;29;136;0;0;0;0;0;0;58;68;24;89;29;136;0;0;1;0;1;0;2
35;35;20;19;105;17;35;35;0;0;0;0;0;0;20;19;105;17;0;0;1;1;0;1;3
50;51;32;32;50;76;50;0;32;32;50;0;0;51;0;0;0;76;0;0;0;0;0;0;0
51;32;38;94;51;32;51;32;0;0;51;32;0;0;38;94;0;0;0;0;0;0;0;0;0
46;52;59;61;15;156;0;0;0;0;0;0;46;52;59;61;15;156;0;0;0;0;1;0;1
27;13;12;15;9;13;0;13;0;0;0;13;27;0;12;15;9;0;1;0;1;1;1;0;4
42;43;35;49;42;64;42;0;0;0;42;0;0;43;35;49;0;64;0;0;1;0;0;0;1
53;72;18;28;159;72;0;72;0;0;0;72;53;0;18;28;159;0;0;0;1;1;0;0;2
71;34;28;34;142;51;0;34;0;34;0;0;71;0;28;0;142;51;0;0;1;0;0;0;1
29;34;54;82;29;34;29;34;0;0;29;34;0;0;54;82;0;0;0;0;0;0;0;0;0
55;40;50;63;55;60;55;0;0;0;55;0;0;40;50;63;0;60;0;0;0;0;0;0;0
42;59;55;47;14;88;0;0;0;0;0;0;42;59;55;47;14;88;0;0;0;0;1;0;1
52;17;73;17;52;17;52;17;0;17;52;17;0;0;73;0;0;0;0;0;0;0;0;0;0
56;50;44;82;112;25;0;0;0;0;0;0;56;50;44;82;112;25;0;0;0;0;0;1;1
61;58;8;74;40;29;0;0;0;0;0;0;61;58;8;74;40;29;0;0;1;0;0;1;2
48;18;28;43;144;54;0;0;0;0;0;0;48;18;28;43;144;54;0;1;1;0;0;0;2
47;40;42;41;47;40;47;40;0;0;47;40;0;0;42;41;0;0;0;0;0;0;0;0;0
42;27;54;49;84;27;0;27;0;0;0;27;42;0;54;49;84;0;0;0;0;0;0;0;0
48;82;41;28;16;82;0;82;0;0;0;82;48;0;41;28;16;0;0;0;0;1;1;0;2
42;59;65;49;14;88;0;0;0;0;0;0;42;59;65;49;14;88;0;0;0;0;1;0;1
31;21;34;25;31;14;31;0;0;0;31;0;0;21;34;25;0;14;0;1;1;1;0;1;4
52;97;21;14;34;97;0;97;0;0;0;97;52;0;21;14;34;0;0;0;1;1;1;0;3
50;11;35;77;50;11;50;11;0;0;50;11;0;0;35;77;0;0;0;0;1;0;0;0;1
41;23;47;52;13;46;0;0;0;0;0;0;41;23;47;52;13;46;0;1;0;0;1;0;2
44;36;10;22;44;12;44;0;0;0;44;0;0;36;10;22;0;12;0;1;1;1;0;1;4
49;25;14;33;73;75;0;0;0;0;0;0;49;25;14;33;73;75;0;1;1;1;0;0;3
33;65;63;37;33;195;33;0;0;0;33;0;0;65;63;37;0;195;0;0;0;0;0;0;0
27;24;11;9;27;36;27;0;0;0;27;0;0;24;11;9;0;36;0;1;1;1;0;1;4
14;65;38;63;42;65;0;65;0;0;0;65;14;0;38;63;42;0;1;0;0;0;0;0;1
33;36;35;10;66;36;0;36;0;0;0;36;33;0;35;10;66;0;1;0;1;1;0;0;3
85;55;74;44;85;110;85;0;0;0;85;0;0;55;74;44;0;110;0;0;0;0;0;0;0
23;34;47;64;23;68;23;0;0;0;23;0;0;34;47;64;0;68;0;1;0;0;0;0;1
35;29;19;53;35;29;35;29;0;0;35;29;0;0;19;53;0;0;0;0;1;0;0;0;1
43;42;50;55;64;14;0;0;0;0;0;0;43;42;50;55;64;14;0;0;0;0;0;1;1
97;89;68;17;194;178;0;0;0;0;0;0;97;89;68;17;194;178;0;0;0;1;0;0;1
32;42;48;68;32;14;32;0;0;0;32;0;0;42;48;68;0;14;0;0;0;0;0;1;1
85;88;17;61;28;44;0;0;0;0;0;0;85;88;17;61;28;44;0;0;1;0;1;0;2
74;53;66;43;148;17;0;0;0;0;0;0;74;53;66;43;148;17;0;0;0;0;0;1;1
32;28;28;33;48;56;0;28;28;0;0;0;32;0;0;33;48;56;1;0;0;1;0;0;2
27;42;57;53;18;28;0;0;0;0;0;0;27;42;57;53;18;28;1;0;0;0;1;1;3
71;67;63;47;213;100;0;0;0;0;0;0;71;67;63;47;213;100;0;0;0;0;0;0;0
77;54;75;92;231;27;0;0;0;0;0;0;77;54;75;92;231;27;0;0;0;0;0;1;1
1;2;2;1;0;1;1;2;2;1;0;1;0;0;0;0;0;0;0;0;0;0;1;0;1
36;34;39;25;108;11;0;0;0;0;0;0;36;34;39;25;108;11;1;1;0;1;0;1;4
27;56;76;71;13;56;0;56;0;0;0;56;27;0;76;71;13;0;1;0;0;0;1;0;2
50;6;60;72;33;2;0;0;0;0;0;0;50;6;60;72;33;2;0;1;0;0;1;1;3
10;10;30;46;5;20;10;10;0;0;0;0;0;0;30;46;5;20;0;0;1;0;1;1;3
56;46;59;45;168;69;0;0;0;0;0;0;56;46;59;45;168;69;0;0;0;0;0;0;0
78;10;13;42;78;10;78;10;0;0;78;10;0;0;13;42;0;0;0;0;1;0;0;0;1
31;22;5;50;31;33;31;0;0;0;31;0;0;22;5;50;0;33;0;1;1;0;0;1;3
8;19;16;9;8;28;8;0;0;0;8;0;0;19;16;9;0;28;0;1;1;1;0;1;4
91;39;23;49;30;39;0;39;0;0;0;39;91;0;23;49;30;0;0;0;1;0;1;0;2
39;66;41;38;58;44;0;0;0;0;0;0;39;66;41;38;58;44;0;0;0;0;0;0;0
78;27;20;41;26;40;0;0;0;0;0;0;78;27;20;41;26;40;0;1;1;0;1;0;3
46;77;13;31;23;77;0;77;0;0;0;77;46;0;13;31;23;0;0;0;1;1;1;0;3
84;38;58;80;84;114;84;0;0;0;84;0;0;38;58;80;0;114;0;0;0;0;0;0;0
97;68;18;83;97;45;97;0;0;0;97;0;0;68;18;83;0;45;0;0;1;0;0;0;1
43;71;69;27;64;35;0;0;0;0;0;0;43;71;69;27;64;35;0;0;0;1;0;1;2
11;42;70;88;7;28;0;0;0;0;0;0;11;42;70;88;7;28;1;0;0;0;1;1;3
55;59;41;33;110;19;0;0;0;0;0;0;55;59;41;33;110;19;0;0;0;1;0;1;2
63;98;53;80;63;49;63;0;0;0;63;0;0;98;53;80;0;49;0;0;0;0;0;0;0
12;34;12;18;36;51;12;0;12;0;0;0;0;34;0;18;36;51;0;1;0;1;1;0;3
59;62;57;64;19;62;0;62;0;0;0;62;59;0;57;64;19;0;0;0;0;0;1;0;1
56;40;39;23;18;120;0;0;0;0;0;0;56;40;39;23;18;120;0;0;0;1;1;0;2
9;64;9;53;9;32;9;0;9;0;9;0;0;64;0;53;0;32;0;0;0;0;0;1;1
66;49;75;76;66;49;66;49;0;0;66;49;0;0;75;76;0;0;0;0;0;0;0;0;0
30;7;74;54;10;4;0;0;0;0;0;0;30;7;74;54;10;4;1;1;0;0;1;1;4
10;26;24;10;10;26;10;26;0;10;10;26;0;0;24;0;0;0;0;0;1;0;0;0;1
21;24;32;29;21;24;21;24;0;0;21;24;0;0;32;29;0;0;0;0;1;1;0;0;2
57;46;68;68;19;46;0;46;68;68;0;46;57;0;0;0;19;0;0;0;0;0;1;0;1
77;51;84;41;115;76;0;0;0;0;0;0;77;51;84;41;115;76;0;0;0;0;0;0;0
9;28;21;28;4;18;0;28;0;28;0;0;9;0;21;0;4;18;1;0;1;0;1;1;4
24;59;61;18;16;88;0;0;0;0;0;0;24;59;61;18;16;88;1;0;0;1;1;0;3
72;32;54;38;72;32;72;32;0;0;72;32;0;0;54;38;0;0;0;0;0;0;0;0;0
40;72;51;35;13;48;0;0;0;0;0;0;40;72;51;35;13;48;0;0;0;1;1;0;2
70;25;28;66;105;12;0;0;0;0;0;0;70;25;28;66;105;12;0;1;1;0;0;1;3
17;10;6;15;51;10;0;10;0;0;0;10;17;0;6;15;51;0;1;0;1;1;0;0;3
59;39;47;75;59;117;59;0;0;0;59;0;0;39;47;75;0;117;0;0;0;0;0;0;0
71;91;58;69;142;60;0;0;0;0;0;0;71;91;58;69;142;60;0;0;0;0;0;0;0
56;40;55;30;112;20;0;0;0;0;0;0;56;40;55;30;112;20;0;0;0;1;0;1;2
48;66;50;11;48;66;48;66;0;0;48;66;0;0;50;11;0;0;0;0;0;1;0;0;1
60;68;62;70;60;34;60;0;0;0;60;0;0;68;62;70;0;34;0;0;0;0;0;1;1
54;21;22;43;27;63;0;0;0;0;0;0;54;21;22;43;27;63;0;1;1;0;1;0;3
76;80;54;18;114;26;0;0;0;0;0;0;76;80;54;18;114;26;0;0;0;1;0;1;2
66;40;62;66;22;120;66;0;0;66;0;0;0;40;62;0;22;120;0;0;0;0;1;0;1
18;72;56;61;12;72;0;72;0;0;0;72;18;0;56;61;12;0;1;0;0;0;1;0;2
23;11;6;4;46;33;0;0;0;0;0;0;23;11;6;4;46;33;1;1;1;1;0;1;5
33;64;30;10;33;42;33;0;0;0;33;0;0;64;30;10;0;42;0;0;1;1;0;0;2
13;36;9;39;4;24;0;0;0;0;0;0;13;36;9;39;4;24;1;1;1;0;1;1;5
5;16;39;33;15;5;5;0;0;0;0;5;0;16;39;33;15;0;0;1;0;1;1;0;3
18;46;63;61;27;23;0;0;0;0;0;0;18;46;63;61;27;23;1;0;0;0;1;1;3
57;73;57;71;114;73;57;73;57;0;0;73;0;0;0;71;114;0;0;0;0;0;0;0;0
36;58;53;39;36;174;36;0;0;0;36;0;0;58;53;39;0;174;0;0;0;0;0;0;0
59;63;94;70;59;21;59;0;0;0;59;0;0;63;94;70;0;21;0;0;0;0;0;1;1
46;45;54;90;46;30;46;0;0;0;46;0;0;45;54;90;0;30;0;0;0;0;0;1;1
32;62;55;52;64;186;0;0;0;0;0;0;32;62;55;52;64;186;1;0;0;0;0;0;1
43;54;41;62;28;54;0;54;0;0;0;54;43;0;41;62;28;0;0;0;0;0;1;0;1
73;84;43;55;24;28;0;0;0;0;0;0;73;84;43;55;24;28;0;0;0;0;1;1;2
12;37;16;27;12;55;12;0;0;0;12;0;0;37;16;27;0;55;0;0;1;1;0;0;2
45;43;54;54;67;43;0;43;54;54;0;43;45;0;0;0;67;0;0;0;0;0;0;0;0
33;48;40;12;66;144;0;0;0;0;0;0;33;48;40;12;66;144;1;0;0;1;0;0;2
54;64;45;69;54;128;54;0;0;0;54;0;0;64;45;69;0;128;0;0;0;0;0;0;0
23;20;24;25;46;20;0;20;0;0;0;20;23;0;24;25;46;0;1;0;1;1;0;0;3
57;54;45;68;85;54;0;54;0;0;0;54;57;0;45;68;85;0;0;0;0;0;0;0;0
43;11;18;31;43;5;43;0;0;0;43;0;0;11;18;31;0;5;0;1;1;1;0;1;4
39;68;46;71;26;68;0;68;0;0;0;68;39;0;46;71;26;0;0;0;0;0;1;0;1
49;46;45;36;73;30;0;0;0;0;0;0;49;46;45;36;73;30;0;0;0;1;0;1;2
71;35;24;33;35;17;0;35;0;0;35;0;71;0;24;33;0;17;0;0;1;1;0;1;3
17;71;22;69;11;23;0;0;0;0;0;0;17;71;22;69;11;23;1;0;1;0;1;1;4
44;54;34;68;132;54;0;54;0;0;0;54;44;0;34;68;132;0;0;0;1;0;0;0;1
8;71;76;17;8;213;8;0;0;0;8;0;0;71;76;17;0;213;0;0;0;1;0;0;1
18;54;51;32;18;36;18;0;0;0;18;0;0;54;51;32;0;36;0;0;0;1;0;1;2
27;49;10;50;9;24;0;0;0;0;0;0;27;49;10;50;9;24;1;0;1;0;1;1;4
41;45;2;36;20;135;0;0;0;0;0;0;41;45;2;36;20;135;0;0;1;1;1;0;3
18;26;18;11;54;8;18;0;18;0;0;0;0;26;0;11;54;8;0;1;0;1;0;1;3
36;77;50;31;36;154;36;0;0;0;36;0;0;77;50;31;0;154;0;0;0;1;0;0;1
25;67;94;51;25;134;25;0;0;0;25;0;0;67;94;51;0;134;0;0;0;0;0;0;0
49;17;39;18;49;17;49;17;0;0;49;17;0;0;39;18;0;0;0;0;0;1;0;0;1
15;40;23;47;10;13;0;0;0;0;0;0;15;40;23;47;10;13;1;0;1;0;1;1;4
51;46;41;50;25;46;0;46;0;0;0;46;51;0;41;50;25;0;0;0;0;0;1;0;1
28;43;29;23;42;28;28;0;0;0;0;28;0;43;29;23;42;0;0;0;1;1;0;0;2
58;83;71;38;58;41;58;0;0;0;58;0;0;83;71;38;0;41;0;0;0;0;0;0;0
46;38;64;84;46;38;46;38;0;0;46;38;0;0;64;84;0;0;0;0;0;0;0;0;0
75;74;56;31;150;222;0;0;0;0;0;0;75;74;56;31;150;222;0;0;0;1;0;0;1
93;49;27;91;186;73;0;0;0;0;0;0;93;49;27;91;186;73;0;0;1;0;0;0;1
26;27;10;12;26;27;26;27;0;0;26;27;0;0;10;12;0;0;0;0;1;1;0;0;2
59;78;63;66;177;78;0;78;0;0;0;78;59;0;63;66;177;0;0;0;0;0;0;0;0
21;54;66;48;42;18;0;0;0;0;0;0;21;54;66;48;42;18;1;0;0;0;0;1;2
82;40;78;87;27;26;0;0;0;0;0;0;82;40;78;87;27;26;0;0;0;0;1;1;2
53;52;27;73;26;52;0;52;0;0;0;52;53;0;27;73;26;0;0;0;1;0;1;0;2
42;79;86;60;42;237;42;0;0;0;42;0;0;79;86;60;0;237;0;0;0;0;0;0;0
60;78;73;86;120;156;0;0;0;0;0;0;60;78;73;86;120;156;0;0;0;0;0;0;0
24;42;12;55;36;126;0;0;0;0;0;0;24;42;12;55;36;126;1;0;1;0;1;0;3
25;39;16;26;25;13;25;0;0;0;25;0;0;39;16;26;0;13;0;0;1;1;0;1;3
45;88;37;86;45;44;45;0;0;0;45;0;0;88;37;86;0;44;0;0;0;0;0;0;0
26;30;12;39;26;45;26;0;0;0;26;0;0;30;12;39;0;45;0;1;1;0;0;0;2
69;33;31;77;69;11;69;0;0;0;69;0;0;33;31;77;0;11;0;1;1;0;0;1;3
22;13;64;16;22;26;22;0;0;0;22;0;0;13;64;16;0;26;0;1;0;1;0;1;3
50;18;36;60;75;6;0;0;0;0;0;0;50;18;36;60;75;6;0;1;1;0;0;1;3
73;19;18;16;146;38;0;0;0;0;0;0;73;19;18;16;146;38;0;1;1;1;0;0;3
29;83;4;84;14;27;0;0;0;0;0;0;29;83;4;84;14;27;1;0;1;0;1;1;4
53;71;48;22;53;142;53;0;0;0;53;0;0;71;48;22;0;142;0;0;0;1;0;0;1
36;31;67;61;72;20;0;0;0;0;0;0;36;31;67;61;72;20;1;1;0;0;0;1;3
92;87;76;50;92;261;92;0;0;0;92;0;0;87;76;50;0;261;0;0;0;0;0;0;0
23;4;29;14;7;2;0;0;0;0;0;0;23;4;29;14;7;2;1;1;1;1;1;1;6
31;37;25;35;15;24;0;0;0;0;0;0;31;37;25;35;15;24;1;0;1;1;1;1;5
17;18;39;44;51;27;0;0;0;0;0;0;17;18;39;44;51;27;1;1;0;0;0;1;3
47;25;47;66;94;16;47;0;47;0;0;0;0;25;0;66;94;16;0;1;0;0;0;1;2
14;11;43;32;28;33;0;0;0;0;0;0;14;11;43;32;28;33;1;1;0;1;1;1;5
99;27;16;17;99;27;99;27;0;0;99;27;0;0;16;17;0;0;0;0;1;1;0;0;2
70;62;68;49;140;62;0;62;0;0;0;62;70;0;68;49;140;0;0;0;0;0;0;0;0
31;21;49;49;46;21;0;21;49;49;0;21;31;0;0;0;46;0;1;0;0;0;0;0;1
53;50;77;65;159;50;0;50;0;0;0;50;53;0;77;65;159;0;0;0;0;0;0;0;0
44;74;19;30;44;111;44;0;0;0;44;0;0;74;19;30;0;111;0;0;1;1;0;0;2
18;34;11;68;18;51;18;0;0;0;18;0;0;34;11;68;0;51;0;1;1;0;0;0;2
33;27;68;49;49;54;0;0;0;49;49;0;33;27;68;0;0;54;1;1;0;0;0;0;2
55;50;15;49;55;50;55;50;0;0;55;50;0;0;15;49;0;0;0;0;1;0;0;0;1
67;42;59;69;33;42;0;42;0;0;0;42;67;0;59;69;33;0;0;0;0;0;1;0;1
37;38;37;36;24;12;37;0;37;0;0;0;0;38;0;36;24;12;0;0;0;1;1;1;3
49;59;61;59;49;29;49;59;0;59;49;0;0;0;61;0;0;29;0;0;0;0;0;1;1
70;38;37;50;210;114;0;0;0;0;0;0;70;38;37;50;210;114;0;0;0;0;0;0;0
18;13;24;15;12;8;0;0;0;0;0;0;18;13;24;15;12;8;1;1;1;1;1;1;6
60;67;36;73;60;100;60;0;0;0;60;0;0;67;36;73;0;100;0;0;1;0;0;0;1
53;34;58;28;53;68;53;0;0;0;53;0;0;34;58;28;0;68;0;1;0;1;0;0;2
28;42;32;8;28;28;28;0;0;0;28;28;0;42;32;8;0;0;0;0;1;1;0;0;2
30;13;5;71;20;6;0;0;0;0;0;0;30;13;5;71;20;6;1;1;1;0;1;1;5
91;41;40;71;60;20;0;0;0;0;0;0;91;41;40;71;60;20;0;0;0;0;0;1;1
42;53;33;41;63;17;0;0;0;0;0;0;42;53;33;41;63;17;0;0;1;0;0;1;2
40;50;77;46;40;16;40;0;0;0;40;0;0;50;77;46;0;16;0;0;0;0;0;1;1
12;46;57;28;8;30;0;0;0;0;0;0;12;46;57;28;8;30;1;0;0;1;1;1;4
42;31;14;23;28;93;0;0;0;0;0;0;42;31;14;23;28;93;0;1;1;1;1;0;4
23;24;23;37;15;36;23;0;23;0;0;0;0;24;0;37;15;36;0;1;0;0;1;1;3
55;49;19;57;27;49;0;49;0;0;0;49;55;0;19;57;27;0;0;0;1;0;1;0;2
63;22;17;22;63;7;63;22;0;22;63;0;0;0;17;0;0;7;0;0;1;0;0;1;2
87;32;62;44;87;64;87;0;0;0;87;0;0;32;62;44;0;64;0;1;0;0;0;0;1
44;48;60;43;22;48;0;48;0;0;0;48;44;0;60;43;22;0;0;0;0;0;1;0;1
12;33;22;37;12;16;12;0;0;0;12;0;0;33;22;37;0;16;0;1;1;0;0;1;3
68;71;21;74;136;35;0;0;0;0;0;0;68;71;21;74;136;35;0;0;1;0;0;1;2
30;17;54;16;30;8;30;0;0;0;30;0;0;17;54;16;0;8;0;1;0;1;0;1;3
79;63;68;76;52;63;0;63;0;0;0;63;79;0;68;76;52;0;0;0;0;0;0;0;0
44;37;60;53;14;55;0;0;0;0;0;0;44;37;60;53;14;55;0;0;0;0;1;0;1
47;41;29;64;141;20;0;0;0;0;0;0;47;41;29;64;141;20;0;0;1;0;0;1;2
46;63;45;60;69;63;0;63;0;0;0;63;46;0;45;60;69;0;0;0;0;0;0;0;0
84;93;81;68;84;186;84;0;0;0;84;0;0;93;81;68;0;186;0;0;0;0;0;0;0
65;66;78;32;195;66;0;66;0;0;0;66;65;0;78;32;195;0;0;0;0;1;0;0;1
75;65;23;81;25;43;0;0;0;0;0;0;75;65;23;81;25;43;0;0;1;0;1;0;2
60;21;75;59;40;14;0;0;0;0;0;0;60;21;75;59;40;14;0;1;0;0;0;1;2
51;59;50;64;153;59;0;59;0;0;0;59;51;0;50;64;153;0;0;0;0;0;0;0;0
36;31;34;37;36;93;36;0;0;0;36;0;0;31;34;37;0;93;0;1;1;0;0;0;2
34;14;9;47;34;42;34;0;0;0;34;0;0;14;9;47;0;42;0;1;1;0;0;0;2
42;42;52;23;126;84;42;42;0;0;0;0;0;0;52;23;126;84;0;0;0;1;0;0;1
17;62;50;59;34;41;0;0;0;0;0;0;17;62;50;59;34;41;1;0;0;0;1;0;2
87;56;100;55;130;37;0;0;0;0;0;0;87;56;100;55;130;37;0;0;0;0;0;0;0
64;82;69;76;64;82;64;82;0;0;64;82;0;0;69;76;0;0;0;0;0;0;0;0;0
52;56;13;82;78;56;0;56;0;0;0;56;52;0;13;82;78;0;0;0;1;0;0;0;1
37;28;54;24;74;84;0;0;0;0;0;0;37;28;54;24;74;84;0;1;0;1;0;0;2
34;34;7;34;51;34;34;34;0;34;0;34;0;0;7;0;51;0;0;0;1;0;0;0;1
66;59;55;31;66;177;66;0;0;0;66;0;0;59;55;31;0;177;0;0;0;1;0;0;1
83;52;55;88;83;52;83;52;0;0;83;52;0;0;55;88;0;0;0;0;0;0;0;0;0
5;61;48;52;15;61;0;61;0;0;0;61;5;0;48;52;15;0;1;0;0;0;1;0;2
59;39;55;61;39;13;0;39;0;0;39;0;59;0;55;61;0;13;0;0;0;0;0;1;1
70;67;35;88;70;33;70;0;0;0;70;0;0;67;35;88;0;33;0;0;1;0;0;1;2
62;38;42;32;124;19;0;0;0;0;0;0;62;38;42;32;124;19;0;0;0;1;0;1;2
17;17;26;34;8;17;17;17;0;0;0;17;0;0;26;34;8;0;0;0;1;1;1;0;3
28;35;17;10;28;11;28;0;0;0;28;0;0;35;17;10;0;11;0;1;1;1;0;1;4
26;48;64;83;26;48;26;48;0;0;26;48;0;0;64;83;0;0;0;0;0;0;0;0;0
24;34;60;44;8;102;0;0;0;0;0;0;24;34;60;44;8;102;1;1;0;0;1;0;3
68;65;96;99;136;65;0;65;0;0;0;65;68;0;96;99;136;0;0;0;0;0;0;0;0
69;43;72;73;103;28;0;0;0;0;0;0;69;43;72;73;103;28;0;0;0;0;0;1;1
42;28;25;23;14;9;0;0;0;0;0;0;42;28;25;23;14;9;0;1;1;1;1;1;5
7;39;52;8;4;13;0;0;0;0;0;0;7;39;52;8;4;13;1;0;0;1;1;1;4
83;94;96;82;27;94;0;94;0;0;0;94;83;0;96;82;27;0;0;0;0;0;1;0;1
45;76;84;83;22;76;0;76;0;0;0;76;45;0;84;83;22;0;0;0;0;0;1;0;1
16;57;38;30;48;38;0;0;38;0;0;38;16;57;0;30;48;0;1;0;0;1;0;0;2
75;76;73;59;225;76;0;76;0;0;0;76;75;0;73;59;225;0;0;0;0;0;0;0;0
40;43;10;26;60;21;0;0;0;0;0;0;40;43;10;26;60;21;0;0;1;1;0;1;3
49;42;53;72;16;42;0;42;0;0;0;42;49;0;53;72;16;0;0;0;0;0;1;0;1
92;35;54;35;30;23;0;35;0;35;0;0;92;0;54;0;30;23;0;0;0;0;1;1;2
35;8;11;73;105;16;0;0;0;0;0;0;35;8;11;73;105;16;1;1;1;0;0;1;4
18;60;18;50;27;40;18;0;18;0;0;0;0;60;0;50;27;40;0;0;0;0;1;0;1
92;77;78;42;138;77;0;77;0;0;0;77;92;0;78;42;138;0;0;0;0;0;0;0;0
14;73;36;63;4;24;0;0;0;0;0;0;14;73;36;63;4;24;1;0;1;0;1;1;4
26;40;58;85;26;60;26;0;0;0;26;0;0;40;58;85;0;60;0;0;0;0;0;0;0
20;20;31;25;30;30;20;20;0;0;30;30;0;0;31;25;0;0;0;0;1;1;0;0;2
52;36;47;37;17;18;0;0;0;0;0;0;52;36;47;37;17;18;0;1;0;0;1;1;3
68;10;61;46;45;5;0;0;0;0;0;0;68;10;61;46;45;5;0;1;0;0;0;1;2
63;38;51;67;31;19;0;0;0;0;0;0;63;38;51;67;31;19;0;0;0;0;1;1;2
59;68;27;74;19;68;0;68;0;0;0;68;59;0;27;74;19;0;0;0;1;0;1;0;2
76;40;37;70;114;120;0;0;0;0;0;0;76;40;37;70;114;120;0;0;0;0;0;0;0
28;10;6;22;18;10;0;10;0;0;0;10;28;0;6;22;18;0;1;0;1;1;1;0;4
25;14;14;34;12;14;0;14;14;0;0;14;25;0;0;34;12;0;1;0;0;1;1;0;3
62;78;44;87;41;52;0;0;0;0;0;0;62;78;44;87;41;52;0;0;0;0;0;0;0
63;34;60;61;189;34;0;34;0;0;0;34;63;0;60;61;189;0;0;0;0;0;0;0;0
90;91;57;82;90;45;90;0;0;0;90;0;0;91;57;82;0;45;0;0;0;0;0;0;0
32;52;35;31;21;34;0;0;0;0;0;0;32;52;35;31;21;34;1;0;1;1;1;1;5
56;55;52;57;56;27;56;0;0;0;56;0;0;55;52;57;0;27;0;0;0;0;0;1;1
21;35;43;55;14;17;0;0;0;0;0;0;21;35;43;55;14;17;1;1;0;0;1;1;4
57;54;42;27;57;54;57;54;0;0;57;54;0;0;42;27;0;0;0;0;0;1;0;0;1
24;57;17;66;24;114;24;0;0;0;24;0;0;57;17;66;0;114;0;0;1;0;0;0;1
20;85;71;78;30;56;0;0;0;0;0;0;20;85;71;78;30;56;1;0;0;0;1;0;2
52;62;64;52;52;41;52;0;0;52;52;0;0;62;64;0;0;41;0;0;0;0;0;0;0
38;29;46;35;57;43;0;0;0;0;0;0;38;29;46;35;57;43;0;1;0;1;0;0;2
65;21;78;13;65;42;65;0;0;0;65;0;0;21;78;13;0;42;0;1;0;1;0;0;2
42;96;90;41;63;32;0;0;0;0;0;0;42;96;90;41;63;32;0;0;0;0;0;1;1
30;41;54;52;10;41;0;41;0;0;0;41;30;0;54;52;10;0;1;0;0;0;1;0;2
26;47;43;20;17;15;0;0;0;0;0;0;26;47;43;20;17;15;1;0;0;1;1;1;4
69;31;68;73;103;10;0;0;0;0;0;0;69;31;68;73;103;10;0;1;0;0;0;1;2
26;17;27;39;26;8;26;0;0;0;26;0;0;17;27;39;0;8;0;1;1;0;0;1;3
67;93;25;31;67;46;67;0;0;0;67;0;0;93;25;31;0;46;0;0;1;1;0;0;2
11;31;25;54;16;93;0;0;0;0;0;0;11;31;25;54;16;93;1;1;1;0;1;0;4
43;64;37;39;43;192;43;0;0;0;43;0;0;64;37;39;0;192;0;0;0;0;0;0;0
26;34;10;19;13;17;0;0;0;0;0;0;26;34;10;19;13;17;1;1;1;1;1;1;6
60;66;16;26;60;33;60;0;0;0;60;0;0;66;16;26;0;33;0;0;1;1;0;1;3
27;36;13;32;27;36;27;36;0;0;27;36;0;0;13;32;0;0;0;0;1;1;0;0;2
80;25;14;35;80;50;80;0;0;0;80;0;0;25;14;35;0;50;0;1;1;1;0;0;3
24;51;53;55;24;102;24;0;0;0;24;0;0;51;53;55;0;102;0;0;0;0;0;0;0
40;87;71;26;20;29;0;0;0;0;0;0;40;87;71;26;20;29;0;0;0;1;1;1;3
67;76;49;55;67;114;67;0;0;0;67;0;0;76;49;55;0;114;0;0;0;0;0;0;0
51;47;35;54;102;70;0;0;0;0;0;0;51;47;35;54;102;70;0;0;1;0;0;0;1
11;22;51;75;7;7;0;0;0;0;7;7;11;22;51;75;0;0;1;1;0;0;0;0;2
29;53;41;41;29;26;29;0;41;41;29;0;0;53;0;0;0;26;0;0;0;0;0;1;1
43;26;45;35;129;26;0;26;0;0;0;26;43;0;45;35;129;0;0;0;0;1;0;0;1
4;42;23;13;4;63;4;0;0;0;4;0;0;42;23;13;0;63;0;0;1;1;0;0;2
82;83;80;11;82;83;82;83;0;0;82;83;0;0;80;11;0;0;0;0;0;1;0;0;1
48;51;31;52;32;153;0;0;0;0;0;0;48;51;31;52;32;153;0;0;1;0;1;0;2
12;13;67;40;6;6;0;0;0;0;6;6;12;13;67;40;0;0;1;1;0;0;0;0;2
29;33;54;56;9;11;0;0;0;0;0;0;29;33;54;56;9;11;1;1;0;0;1;1;4
59;41;56;74;59;41;59;41;0;0;59;41;0;0;56;74;0;0;0;0;0;0;0;0;0
76;80;32;27;25;26;0;0;0;0;0;0;76;80;32;27;25;26;0;0;1;1;1;1;4
54;22;49;23;27;7;0;0;0;0;0;0;54;22;49;23;27;7;0;1;0;1;1;1;4
59;69;8;30;118;69;0;69;0;0;0;69;59;0;8;30;118;0;0;0;1;1;0;0;2
54;64;26;27;162;128;0;0;0;0;0;0;54;64;26;27;162;128;0;0;1;1;0;0;2
80;82;40;39;80;123;80;0;0;0;80;0;0;82;40;39;0;123;0;0;0;0;0;0;0
36;50;60;72;36;50;36;50;0;0;36;50;0;0;60;72;0;0;0;0;0;0;0;0;0
4;65;77;74;4;43;4;0;0;0;4;0;0;65;77;74;0;43;0;0;0;0;0;0;0
34;10;50;10;11;30;0;10;0;10;0;0;34;0;50;0;11;30;1;0;0;0;1;1;3
90;38;49;71;135;38;0;38;0;0;0;38;90;0;49;71;135;0;0;0;0;0;0;0;0
35;27;19;9;70;54;0;0;0;0;0;0;35;27;19;9;70;54;1;1;1;1;0;0;4
71;68;43;67;106;34;0;0;0;0;0;0;71;68;43;67;106;34;0;0;0;0;0;1;1
60;58;74;26;90;58;0;58;0;0;0;58;60;0;74;26;90;0;0;0;0;1;0;0;1
8;46;29;21;16;46;0;46;0;0;0;46;8;0;29;21;16;0;1;0;1;1;1;0;4
32;25;30;28;96;50;0;0;0;0;0;0;32;25;30;28;96;50;1;1;1;1;0;0;4
50;29;25;34;33;14;0;0;0;0;0;0;50;29;25;34;33;14;0;1;1;1;1;1;5
45;50;50;56;30;150;0;50;50;0;0;0;45;0;0;56;30;150;0;0;0;0;1;0;1
85;85;34;73;85;255;85;85;0;0;85;0;0;0;34;73;0;255;0;0;1;0;0;0;1
43;39;37;53;21;19;0;0;0;0;0;0;43;39;37;53;21;19;0;0;0;0;1;1;2
33;58;55;75;66;116;0;0;0;0;0;0;33;58;55;75;66;116;1;0;0;0;0;0;1
25;10;35;6;37;3;0;0;0;0;0;0;25;10;35;6;37;3;1;1;1;1;0;1;5
10;67;9;34;3;67;0;67;0;0;0;67;10;0;9;34;3;0;1;0;1;1;1;0;4
58;71;87;86;174;71;0;71;0;0;0;71;58;0;87;86;174;0;0;0;0;0;0;0;0
58;22;50;56;174;66;0;0;0;0;0;0;58;22;50;56;174;66;0;1;0;0;0;0;1
38;52;37;51;114;104;0;0;0;0;0;0;38;52;37;51;114;104;0;0;0;0;0;0;0
36;30;24;40;18;15;0;0;0;0;0;0;36;30;24;40;18;15;1;1;1;0;1;1;5
82;45;33;37;82;22;82;0;0;0;82;0;0;45;33;37;0;22;0;0;1;0;0;1;2
18;15;19;21;36;15;0;15;0;0;0;15;18;0;19;21;36;0;1;0;1;1;1;0;4
76;53;14;51;152;106;0;0;0;0;0;0;76;53;14;51;152;106;0;0;1;0;0;0;1
58;60;69;67;19;180;0;0;0;0;0;0;58;60;69;67;19;180;0;0;0;0;1;0;1
49;8;54;40;49;8;49;8;0;0;49;8;0;0;54;40;0;0;0;0;0;0;0;0;0
55;43;35;43;55;21;55;43;0;43;55;0;0;0;35;0;0;21;0;0;1;0;0;1;2
40;39;50;28;40;19;40;0;0;0;40;0;0;39;50;28;0;19;0;0;0;1;0;1;2
85;57;48;90;127;114;0;0;0;0;0;0;85;57;48;90;127;114;0;0;0;0;0;0;0
21;19;55;33;31;6;0;0;0;0;0;0;21;19;55;33;31;6;1;1;0;1;1;1;5
73;59;95;41;36;29;0;0;0;0;0;0;73;59;95;41;36;29;0;0;0;0;1;1;2
45;3;26;15;45;1;45;0;0;0;45;0;0;3;26;15;0;1;0;1;1;1;0;1;4
71;79;57;61;71;158;71;0;0;0;71;0;0;79;57;61;0;158;0;0;0;0;0;0;0
51;32;45;28;17;48;0;0;0;0;0;0;51;32;45;28;17;48;0;1;0;1;1;0;3
24;31;19;20;48;10;0;0;0;0;0;0;24;31;19;20;48;10;1;1;1;1;0;1;5
85;46;37;62;28;69;0;0;0;0;0;0;85;46;37;62;28;69;0;0;0;0;1;0;1
31;17;42;34;20;17;0;17;0;0;0;17;31;0;42;34;20;0;1;0;0;1;1;0;3
78;69;98;27;156;103;0;0;0;0;0;0;78;69;98;27;156;103;0;0;0;1;0;0;1
35;46;29;53;11;46;0;46;0;0;0;46;35;0;29;53;11;0;1;0;1;0;1;0;3
76;68;43;35;76;68;76;68;0;0;76;68;0;0;43;35;0;0;0;0;0;1;0;0;1
38;17;15;51;38;25;38;0;0;0;38;0;0;17;15;51;0;25;0;1;1;0;0;1;3
84;41;69;58;168;41;0;41;0;0;0;41;84;0;69;58;168;0;0;0;0;0;0;0;0
72;55;18;35;72;36;72;0;0;0;72;0;0;55;18;35;0;36;0;0;1;1;0;1;3
57;84;66;44;57;84;57;84;0;0;57;84;0;0;66;44;0;0;0;0;0;0;0;0;0
14;14;39;81;4;4;14;14;0;0;4;4;0;0;39;81;0;0;0;0;0;0;0;0;0
29;36;56;33;29;72;29;0;0;0;29;0;0;36;56;33;0;72;0;1;0;1;0;0;2
33;56;30;35;33;84;33;0;0;0;33;0;0;56;30;35;0;84;0;0;1;1;0;0;2
27;11;19;10;54;22;0;0;0;0;0;0;27;11;19;10;54;22;1;1;1;1;0;1;5
10;36;32;36;30;12;0;36;0;36;0;0;10;0;32;0;30;12;1;0;1;0;1;1;4
26;24;30;50;39;24;0;24;0;0;0;24;26;0;30;50;39;0;1;0;1;0;0;0;2
27;74;29;88;40;24;0;0;0;0;0;0;27;74;29;88;40;24;1;0;1;0;0;1;3
32;88;81;32;32;88;32;88;0;32;32;88;0;0;81;0;0;0;0;0;0;0;0;0;0
55;31;49;51;18;20;0;0;0;0;0;0;55;31;49;51;18;20;0;1;0;0;1;1;3
48;30;58;36;48;30;48;30;0;0;48;30;0;0;58;36;0;0;0;0;0;1;0;0;1
51;46;97;38;153;46;0;46;0;0;0;46;51;0;97;38;153;0;0;0;0;0;0;0;0
43;41;14;15;21;20;0;0;0;0;0;0;43;41;14;15;21;20;0;0;1;1;1;1;4
35;57;53;51;52;57;0;57;0;0;0;57;35;0;53;51;52;0;1;0;0;0;0;0;1
64;45;88;87;64;90;64;0;0;0;64;0;0;45;88;87;0;90;0;0;0;0;0;0;0
29;30;7;30;9;15;0;30;0;30;0;0;29;0;7;0;9;15;1;0;1;0;1;1;4
76;59;58;50;76;39;76;0;0;0;76;0;0;59;58;50;0;39;0;0;0;0;0;0;0
80;68;82;44;80;45;80;0;0;0;80;0;0;68;82;44;0;45;0;0;0;0;0;0;0
32;79;91;20;10;52;0;0;0;0;0;0;32;79;91;20;10;52;1;0;0;1;1;0;3
74;17;61;13;222;51;0;0;0;0;0;0;74;17;61;13;222;51;0;1;0;1;0;0;2
29;17;28;21;14;11;0;0;0;0;0;0;29;17;28;21;14;11;1;1;1;1;1;1;6
18;74;28;57;18;37;18;0;0;0;18;0;0;74;28;57;0;37;0;0;1;0;0;0;1
3;83;17;38;1;124;0;0;0;0;0;0;3;83;17;38;1;124;1;0;1;0;1;0;3
14;44;63;42;14;88;14;0;0;0;14;0;0;44;63;42;0;88;0;0;0;0;0;0;0
53;56;49;53;106;84;53;0;0;53;0;0;0;56;49;0;106;84;0;0;0;0;0;0;0
17;35;26;30;17;70;17;0;0;0;17;0;0;35;26;30;0;70;0;1;1;1;0;0;3
13;19;71;77;13;19;13;19;0;0;13;19;0;0;71;77;0;0;0;0;0;0;0;0;0
47;43;28;30;47;129;47;0;0;0;47;0;0;43;28;30;0;129;0;0;1;1;0;0;2
73;60;39;33;48;120;0;0;0;0;0;0;73;60;39;33;48;120;0;0;0;1;0;0;1
4;37;37;12;1;24;0;37;37;0;0;0;4;0;0;12;1;24;1;0;0;1;1;1;4
79;90;84;56;158;90;0;90;0;0;0;90;79;0;84;56;158;0;0;0;0;0;0;0;0
42;32;57;62;21;64;0;0;0;0;0;0;42;32;57;62;21;64;0;1;0;0;1;0;2
65;58;18;72;65;58;65;58;0;0;65;58;0;0;18;72;0;0;0;0;1;0;0;0;1
91;70;23;89;91;70;91;70;0;0;91;70;0;0;23;89;0;0;0;0;1;0;0;0;1
58;35;29;35;29;11;0;35;29;35;29;0;58;0;0;0;0;11;0;0;0;0;0;1;1
36;63;42;41;24;63;0;63;0;0;0;63;36;0;42;41;24;0;1;0;0;0;1;0;2
24;26;43;31;48;39;0;0;0;0;0;0;24;26;43;31;48;39;1;1;0;1;0;0;3
20;8;11;40;13;8;0;8;0;0;0;8;20;0;11;40;13;0;1;0;1;0;1;0;3
39;33;91;43;26;16;0;0;0;0;0;0;39;33;91;43;26;16;0;1;0;0;1;1;3
31;26;72;32;31;13;31;0;0;0;31;0;0;26;72;32;0;13;0;1;0;1;0;1;3
50;36;59;55;100;72;0;0;0;0;0;0;50;36;59;55;100;72;0;1;0;0;0;0;1
72;68;59;58;216;68;0;68;0;0;0;68;72;0;59;58;216;0;0;0;0;0;0;0;0
61;52;30;59;183;26;0;0;0;0;0;0;61;52;30;59;183;26;0;0;1;0;0;1;2
58;18;37;44;58;18;58;18;0;0;58;18;0;0;37;44;0;0;0;0;0;0;0;0;0
27;52;29;53;40;52;0;52;0;0;0;52;27;0;29;53;40;0;1;0;1;0;0;0;2
78;89;62;67;234;89;0;89;0;0;0;89;78;0;62;67;234;0;0;0;0;0;0;0;0
38;28;67;60;76;84;0;0;0;0;0;0;38;28;67;60;76;84;0;1;0;0;0;0;1
56;51;42;45;28;102;0;0;0;0;0;0;56;51;42;45;28;102;0;0;0;0;1;0;1
6;6;5;4;6;12;6;6;0;0;6;0;0;0;5;4;0;12;0;0;1;1;0;1;3
19;20;50;30;19;60;19;0;0;0;19;0;0;20;50;30;0;60;0;1;0;1;0;0;2
57;45;35;29;85;45;0;45;0;0;0;45;57;0;35;29;85;0;0;0;1;1;0;0;2
44;36;55;13;88;24;0;0;0;0;0;0;44;36;55;13;88;24;0;1;0;1;0;1;3
88;43;53;95;29;129;0;0;0;0;0;0;88;43;53;95;29;129;0;0;0;0;1;0;1
16;34;55;19;8;17;0;0;0;0;0;0;16;34;55;19;8;17;1;1;0;1;1;1;5
71;46;57;35;47;23;0;0;0;0;0;0;71;46;57;35;47;23;0;0;0;1;0;1;2
51;46;39;45;25;138;0;0;0;0;0;0;51;46;39;45;25;138;0;0;0;0;1;0;1
21;26;26;41;10;39;0;26;26;0;0;0;21;0;0;41;10;39;1;0;0;0;1;0;2
5;5;16;30;1;3;5;5;0;0;0;0;0;0;16;30;1;3;0;0;1;1;1;1;4
58;49;55;87;58;98;58;0;0;0;58;0;0;49;55;87;0;98;0;0;0;0;0;0;0
88;81;76;72;132;121;0;0;0;0;0;0;88;81;76;72;132;121;0;0;0;0;0;0;0
56;24;27;44;56;12;56;0;0;0;56;0;0;24;27;44;0;12;0;1;1;0;0;1;3
57;39;52;68;57;26;57;0;0;0;57;0;0;39;52;68;0;26;0;0;0;0;0;1;1
25;57;22;85;75;57;0;57;0;0;0;57;25;0;22;85;75;0;1;0;1;0;0;0;2
34;56;7;37;17;168;0;0;0;0;0;0;34;56;7;37;17;168;1;0;1;0;1;0;3
88;49;52;34;264;147;0;0;0;0;0;0;88;49;52;34;264;147;0;0;0;1;0;0;1
81;60;64;59;121;120;0;0;0;0;0;0;81;60;64;59;121;120;0;0;0;0;0;0;0
51;33;56;35;25;33;0;33;0;0;0;33;51;0;56;35;25;0;0;0;0;1;1;0;2
50;15;20;26;75;15;0;15;0;0;0;15;50;0;20;26;75;0;0;0;1;1;0;0;2
46;86;55;83;69;57;0;0;0;0;0;0;46;86;55;83;69;57;0;0;0;0;0;0;0
74;88;43;32;222;88;0;88;0;0;0;88;74;0;43;32;222;0;0;0;0;1;0;0;1
74;32;72;27;74;10;74;0;0;0;74;0;0;32;72;27;0;10;0;1;0;1;0;1;3
79;50;39;21;118;50;0;50;0;0;0;50;79;0;39;21;118;0;0;0;0;1;0;0;1
18;14;20;13;6;4;0;0;0;0;0;0;18;14;20;13;6;4;1;1;1;1;1;1;6
74;64;32;1;74;192;74;0;0;0;74;0;0;64;32;1;0;192;0;0;1;1;0;0;2
51;34;81;62;51;102;51;0;0;0;51;0;0;34;81;62;0;102;0;1;0;0;0;0;1
60;71;15;79;180;71;0;71;0;0;0;71;60;0;15;79;180;0;0;0;1;0;0;0;1
17;41;42;13;17;41;17;41;0;0;17;41;0;0;42;13;0;0;0;0;0;1;0;0;1
25;45;31;10;12;15;0;0;0;0;0;0;25;45;31;10;12;15;1;0;1;1;1;1;5
18;28;40;47;12;18;18;0;0;0;0;18;0;28;40;47;12;0;0;1;0;0;1;0;2
43;83;28;63;129;166;0;0;0;0;0;0;43;83;28;63;129;166;0;0;1;0;0;0;1
30;28;47;31;90;28;0;28;0;0;0;28;30;0;47;31;90;0;1;0;0;1;0;0;2
20;15;8;32;20;30;20;0;0;0;20;0;0;15;8;32;0;30;0;1;1;1;0;1;4
69;47;42;63;46;31;0;0;0;0;0;0;69;47;42;63;46;31;0;0;0;0;0;1;1
51;78;50;81;34;26;0;0;0;0;0;0;51;78;50;81;34;26;0;0;0;0;1;1;2
12;27;40;44;8;27;0;27;0;0;0;27;12;0;40;44;8;0;1;0;0;0;1;0;2
29;35;29;34;87;11;29;0;29;0;0;0;0;35;0;34;87;11;0;1;0;1;0;1;3
20;11;35;50;60;7;0;0;0;0;0;0;20;11;35;50;60;7;1;1;1;0;0;1;4
5;15;38;68;15;30;0;15;0;0;15;0;5;0;38;68;0;30;1;0;0;0;0;1;2
17;40;31;57;17;40;17;40;0;0;17;40;0;0;31;57;0;0;0;0;1;0;0;0;1
14;36;34;61;9;72;0;0;0;0;0;0;14;36;34;61;9;72;1;1;1;0;1;0;4
22;22;24;55;14;66;22;22;0;0;0;0;0;0;24;55;14;66;0;0;1;0;1;0;2
44;43;32;54;44;43;44;43;0;0;44;43;0;0;32;54;0;0;0;0;1;0;0;0;1
69;59;75;53;23;59;0;59;0;0;0;59;69;0;75;53;23;0;0;0;0;0;1;0;1
77;80;81;57;154;240;0;0;0;0;0;0;77;80;81;57;154;240;0;0;0;0;0;0;0
63;15;41;95;63;5;63;0;0;0;63;0;0;15;41;95;0;5;0;1;0;0;0;1;2
45;48;63;53;45;48;45;48;0;0;45;48;0;0;63;53;0;0;0;0;0;0;0;0;0
8;30;14;8;16;30;8;30;0;8;0;30;0;0;14;0;16;0;0;0;1;0;1;0;2
78;20;27;25;39;40;0;0;0;0;0;0;78;20;27;25;39;40;0;1;1;1;0;0;3
54;83;46;79;81;83;0;83;0;0;0;83;54;0;46;79;81;0;0;0;0;0;0;0;0
55;65;67;37;82;32;0;0;0;0;0;0;55;65;67;37;82;32;0;0;0;0;0;1;1
51;37;58;56;51;111;51;0;0;0;51;0;0;37;58;56;0;111;0;0;0;0;0;0;0
70;7;24;43;210;21;0;0;0;0;0;0;70;7;24;43;210;21;0;1;1;0;0;1;3
34;56;56;50;68;84;0;56;56;0;0;0;34;0;0;50;68;84;1;0;0;0;0;0;1
48;57;47;23;48;171;48;0;0;0;48;0;0;57;47;23;0;171;0;0;0;1;0;0;1
72;57;72;66;144;57;72;57;72;0;0;57;0;0;0;66;144;0;0;0;0;0;0;0;0
37;43;30;63;37;129;37;0;0;0;37;0;0;43;30;63;0;129;0;0;1;0;0;0;1
38;42;20;45;38;21;38;0;0;0;38;0;0;42;20;45;0;21;0;0;1;0;0;1;2
75;39;57;44;50;26;0;0;0;0;0;0;75;39;57;44;50;26;0;0;0;0;0;1;1
56;76;60;53;56;76;56;76;0;0;56;76;0;0;60;53;0;0;0;0;0;0;0;0;0
48;40;28;27;32;26;0;0;0;0;0;0;48;40;28;27;32;26;0;0;1;1;1;1;4
73;65;92;93;73;65;73;65;0;0;73;65;0;0;92;93;0;0;0;0;0;0;0;0;0
23;65;76;20;46;65;0;65;0;0;0;65;23;0;76;20;46;0;1;0;0;1;0;0;2
38;50;56;20;57;50;0;50;0;0;0;50;38;0;56;20;57;0;0;0;0;1;0;0;1
34;48;44;73;102;72;0;0;0;0;0;0;34;48;44;73;102;72;1;0;0;0;0;0;1
39;9;63;64;78;9;0;9;0;0;0;9;39;0;63;64;78;0;0;0;0;0;0;0;0
33;83;42;50;16;166;0;0;0;0;0;0;33;83;42;50;16;166;1;0;0;0;1;0;2
31;24;42;8;31;12;31;0;0;0;31;0;0;24;42;8;0;12;0;1;0;1;0;1;3
78;40;37;76;117;13;0;0;0;0;0;0;78;40;37;76;117;13;0;0;0;0;0;1;1
53;22;6;37;106;14;0;0;0;0;0;0;53;22;6;37;106;14;0;1;1;0;0;1;3
68;40;67;24;102;26;0;0;0;0;0;0;68;40;67;24;102;26;0;0;0;1;0;1;2
7;30;9;20;7;30;7;30;0;0;7;30;0;0;9;20;0;0;0;0;1;1;0;0;2
83;48;30;25;27;144;0;0;0;0;0;0;83;48;30;25;27;144;0;0;1;1;1;0;3
67;38;39;51;33;12;0;0;0;0;0;0;67;38;39;51;33;12;0;0;0;0;1;1;2
54;76;26;23;81;228;0;0;0;0;0;0;54;76;26;23;81;228;0;0;1;1;0;0;2
52;11;45;55;78;7;0;0;0;0;0;0;52;11;45;55;78;7;0;1;0;0;0;1;2
14;39;13;51;21;19;0;0;0;0;0;0;14;39;13;51;21;19;1;0;1;0;1;1;4
38;29;46;54;38;9;38;0;0;0;38;0;0;29;46;54;0;9;0;1;0;0;0;1;2
86;38;64;16;172;38;0;38;0;0;0;38;86;0;64;16;172;0;0;0;0;1;0;0;1
15;51;65;68;45;34;0;0;0;0;0;0;15;51;65;68;45;34;1;0;0;0;0;1;2
76;81;51;57;76;54;76;0;0;0;76;0;0;81;51;57;0;54;0;0;0;0;0;0;0
48;49;29;41;16;98;0;0;0;0;0;0;48;49;29;41;16;98;0;0;1;0;1;0;2
74;63;65;60;74;63;74;63;0;0;74;63;0;0;65;60;0;0;0;0;0;0;0;0;0
85;36;60;82;170;72;0;0;0;0;0;0;85;36;60;82;170;72;0;1;0;0;0;0;1
7;31;7;7;21;62;7;0;7;7;0;0;0;31;0;0;21;62;0;1;0;0;1;0;2
16;15;54;46;16;15;16;15;0;0;16;15;0;0;54;46;0;0;0;0;0;0;0;0;0
71;80;68;46;142;80;0;80;0;0;0;80;71;0;68;46;142;0;0;0;0;0;0;0;0
51;40;55;76;76;80;0;0;0;76;76;0;51;40;55;0;0;80;0;0;0;0;0;0;0
51;4;19;69;76;2;0;0;0;0;0;0;51;4;19;69;76;2;0;1;1;0;0;1;3
94;85;92;20;94;56;94;0;0;0;94;0;0;85;92;20;0;56;0;0;0;1;0;0;1
54;36;36;68;36;36;0;36;36;0;36;36;54;0;0;68;0;0;0;0;0;0;0;0;0
28;30;43;32;42;30;0;30;0;0;0;30;28;0;43;32;42;0;1;0;0;1;0;0;2
46;54;22;29;23;54;0;54;0;0;0;54;46;0;22;29;23;0;0;0;1;1;1;0;3
67;74;38;34;67;111;67;0;0;0;67;0;0;74;38;34;0;111;0;0;0;1;0;0;1
32;30;89;59;32;30;32;30;0;0;32;30;0;0;89;59;0;0;0;0;0;0;0;0;0
74;74;83;48;49;37;74;74;0;0;0;0;0;0;83;48;49;37;0;0;0;0;0;0;0
83;80;49;86;83;240;83;0;0;0;83;0;0;80;49;86;0;240;0;0;0;0;0;0;0
39;25;38;28;26;37;0;0;0;0;0;0;39;25;38;28;26;37;0;1;0;1;1;0;3
26;21;35;38;39;10;0;0;0;0;0;0;26;21;35;38;39;10;1;1;1;0;0;1;4
78;62;37;77;156;41;0;0;0;0;0;0;78;62;37;77;156;41;0;0;0;0;0;0;0
18;47;29;62;27;141;0;0;0;0;0;0;18;47;29;62;27;141;1;0;1;0;1;0;3
40;60;73;68;40;20;40;0;0;0;40;0;0;60;73;68;0;20;0;0;0;0;0;1;1
52;68;65;60;104;68;0;68;0;0;0;68;52;0;65;60;104;0;0;0;0;0;0;0;0
31;27;28;26;10;9;0;0;0;0;0;0;31;27;28;26;10;9;1;1;1;1;1;1;6
70;74;81;89;46;74;0;74;0;0;0;74;70;0;81;89;46;0;0;0;0;0;0;0;0
35;15;5;10;11;15;0;15;0;0;0;15;35;0;5;10;11;0;1;0;1;1;1;0;4
33;48;51;54;33;16;33;0;0;0;33;0;0;48;51;54;0;16;0;0;0;0;0;1;1
71;83;89;75;106;249;0;0;0;0;0;0;71;83;89;75;106;249;0;0;0;0;0;0;0
25;29;37;36;25;14;25;0;0;0;25;0;0;29;37;36;0;14;0;1;0;1;0;1;3
50;72;25;38;150;36;0;0;0;0;0;0;50;72;25;38;150;36;0;0;1;0;0;1;2
88;57;31;10;29;57;0;57;0;0;0;57;88;0;31;10;29;0;0;0;1;1;1;0;3
3;18;16;20;2;18;0;18;0;0;0;18;3;0;16;20;2;0;1;0;1;1;1;0;4
45;14;35;16;135;9;0;0;0;0;0;0;45;14;35;16;135;9;0;1;1;1;0;1;4
59;53;70;12;118;159;0;0;0;0;0;0;59;53;70;12;118;159;0;0;0;1;0;0;1
14;29;32;17;14;58;14;0;0;0;14;0;0;29;32;17;0;58;0;1;1;1;0;0;3
73;62;84;68;109;62;0;62;0;0;0;62;73;0;84;68;109;0;0;0;0;0;0;0;0
27;25;11;26;27;50;27;0;0;0;27;0;0;25;11;26;0;50;0;1;1;1;0;0;3
64;47;69;36;42;23;0;0;0;0;0;0;64;47;69;36;42;23;0;0;0;1;0;1;2
50;19;64;38;25;19;0;19;0;0;0;19;50;0;64;38;25;0;0;0;0;0;1;0;1
29;88;76;73;43;58;0;0;0;0;0;0;29;88;76;73;43;58;1;0;0;0;0;0;1
58;19;40;39;19;6;0;19;0;0;19;0;58;0;40;39;0;6;0;0;0;0;0;1;1
55;15;27;48;55;5;55;0;0;0;55;0;0;15;27;48;0;5;0;1;1;0;0;1;3
51;58;87;11;51;19;51;0;0;0;51;0;0;58;87;11;0;19;0;0;0;1;0;1;2
32;33;42;41;32;11;32;0;0;0;32;0;0;33;42;41;0;11;0;1;0;0;0;1;2
11;12;14;20;11;24;11;0;0;0;11;0;0;12;14;20;0;24;0;1;1;1;0;1;4
64;57;32;26;32;57;0;57;32;0;32;57;64;0;0;26;0;0;0;0;0;1;0;0;1
48;25;33;62;48;25;48;25;0;0;48;25;0;0;33;62;0;0;0;0;1;0;0;0;1
47;40;32;37;47;20;47;0;0;0;47;0;0;40;32;37;0;20;0;0;1;0;0;1;2
77;82;66;84;231;82;0;82;0;0;0;82;77;0;66;84;231;0;0;0;0;0;0;0;0
29;13;13;19;58;19;0;13;13;19;0;19;29;0;0;0;58;0;1;0;0;0;0;0;1
65;50;72;22;97;100;0;0;0;0;0;0;65;50;72;22;97;100;0;0;0;1;0;0;1
54;47;9;75;36;23;0;0;0;0;0;0;54;47;9;75;36;23;0;0;1;0;1;1;3
45;46;37;10;15;23;0;0;0;0;0;0;45;46;37;10;15;23;0;0;0;1;1;1;3
27;34;36;44;27;51;27;0;0;0;27;0;0;34;36;44;0;51;0;1;1;0;0;0;2
63;21;33;31;63;10;63;0;0;0;63;0;0;21;33;31;0;10;0;1;1;1;0;1;4
49;44;49;89;49;14;49;0;49;0;49;0;0;44;0;89;0;14;0;0;0;0;0;1;1
9;25;51;28;13;25;0;25;0;0;0;25;9;0;51;28;13;0;1;0;0;1;1;0;3
39;45;18;9;19;45;0;45;0;0;0;45;39;0;18;9;19;0;0;0;1;1;1;0;3
76;57;8;87;228;19;0;0;0;0;0;0;76;57;8;87;228;19;0;0;1;0;0;1;2
32;40;17;72;16;13;0;0;0;0;0;0;32;40;17;72;16;13;1;0;1;0;1;1;4
22;51;45;50;22;51;22;51;0;0;22;51;0;0;45;50;0;0;0;0;0;0;0;0;0
77;58;43;73;231;174;0;0;0;0;0;0;77;58;43;73;231;174;0;0;0;0;0;0;0
57;44;2;10;38;14;0;0;0;0;0;0;57;44;2;10;38;14;0;0;1;1;0;1;3
85;87;83;85;85;29;85;0;0;85;85;0;0;87;83;0;0;29;0;0;0;0;0;1;1
43;84;25;62;43;252;43;0;0;0;43;0;0;84;25;62;0;252;0;0;1;0;0;0;1
31;30;76;71;62;10;0;0;0;0;0;0;31;30;76;71;62;10;1;1;0;0;0;1;3
49;40;58;43;32;60;0;0;0;0;0;0;49;40;58;43;32;60;0;0;0;0;1;0;1
52;32;58;58;52;64;52;0;58;58;52;0;0;32;0;0;0;64;0;1;0;0;0;0;1
80;91;37;33;40;45;0;0;0;0;0;0;80;91;37;33;40;45;0;0;0;1;0;0;1
45;9;38;20;135;27;0;0;0;0;0;0;45;9;38;20;135;27;0;1;0;1;0;1;3
49;42;58;70;49;84;49;0;0;0;49;0;0;42;58;70;0;84;0;0;0;0;0;0;0
59;72;99;66;88;36;0;0;0;0;0;0;59;72;99;66;88;36;0;0;0;0;0;1;1
77;79;20;4;77;158;77;0;0;0;77;0;0;79;20;4;0;158;0;0;1;1;0;0;2
50;52;27;60;50;78;50;0;0;0;50;0;0;52;27;60;0;78;0;0;1;0;0;0;1
51;77;23;48;102;231;0;0;0;0;0;0;51;77;23;48;102;231;0;0;1;0;0;0;1
27;41;14;26;54;41;0;41;0;0;0;41;27;0;14;26;54;0;1;0;1;1;0;0;3
38;33;15;6;76;33;0;33;0;0;0;33;38;0;15;6;76;0;0;0;1;1;0;0;2
38;67;49;60;38;67;38;67;0;0;38;67;0;0;49;60;0;0;0;0;0;0;0;0;0
9;49;32;43;9;98;9;0;0;0;9;0;0;49;32;43;0;98;0;0;1;0;0;0;1
38;14;81;41;25;14;0;14;0;0;0;14;38;0;81;41;25;0;0;0;0;0;1;0;1
42;34;27;25;14;11;0;0;0;0;0;0;42;34;27;25;14;11;0;1;1;1;1;1;5
85;81;65;63;56;81;0;81;0;0;0;81;85;0;65;63;56;0;0;0;0;0;0;0;0
80;67;91;51;160;100;0;0;0;0;0;0;80;67;91;51;160;100;0;0;0;0;0;0;0
71;72;71;42;47;36;71;0;71;0;0;0;0;72;0;42;47;36;0;0;0;0;0;1;1
49;41;50;43;16;41;0;41;0;0;0;41;49;0;50;43;16;0;0;0;0;0;1;0;1
59;68;73;40;177;45;0;0;0;0;0;0;59;68;73;40;177;45;0;0;0;0;0;0;0
54;41;6;74;54;20;54;0;0;0;54;0;0;41;6;74;0;20;0;0;1;0;0;1;2
37;25;33;23;111;8;0;0;0;0;0;0;37;25;33;23;111;8;0;1;1;1;0;1;4
44;57;30;25;66;114;0;0;0;0;0;0;44;57;30;25;66;114;0;0;1;1;0;0;2
37;37;28;31;55;55;37;37;0;0;55;55;0;0;28;31;0;0;0;0;1;1;0;0;2
57;37;56;17;28;18;0;0;0;0;0;0;57;37;56;17;28;18;0;0;0;1;1;1;3
58;60;30;69;58;40;58;0;0;0;58;0;0;60;30;69;0;40;0;0;1;0;0;0;1
35;65;37;71;35;65;35;65;0;0;35;65;0;0;37;71;0;0;0;0;0;0;0;0;0
37;44;26;48;37;66;37;0;0;0;37;0;0;44;26;48;0;66;0;0;1;0;0;0;1
80;47;53;79;80;47;80;47;0;0;80;47;0;0;53;79;0;0;0;0;0;0;0;0;0
66;60;48;52;22;30;0;0;0;0;0;0;66;60;48;52;22;30;0;0;0;0;1;1;2
60;33;24;25;90;11;0;0;0;0;0;0;60;33;24;25;90;11;0;1;1;1;0;1;4
35;27;52;36;35;27;35;27;0;0;35;27;0;0;52;36;0;0;0;0;0;1;0;0;1
22;47;51;44;11;47;0;47;0;0;0;47;22;0;51;44;11;0;1;0;0;0;1;0;2
47;62;51;68;47;186;47;0;0;0;47;0;0;62;51;68;0;186;0;0;0;0;0;0;0
75;72;21;69;75;216;75;0;0;0;75;0;0;72;21;69;0;216;0;0;1;0;0;0;1
36;50;29;18;54;100;0;0;0;0;0;0;36;50;29;18;54;100;1;0;1;1;0;0;3
8;13;30;18;4;4;0;0;0;0;4;4;8;13;30;18;0;0;1;1;1;1;0;0;4
78;25;24;79;52;50;0;0;0;0;0;0;78;25;24;79;52;50;0;1;1;0;0;0;2
41;29;53;55;27;87;0;0;0;0;0;0;41;29;53;55;27;87;0;1;0;0;1;0;2
60;43;28;63;90;21;0;0;0;0;0;0;60;43;28;63;90;21;0;0;1;0;0;1;2
26;31;25;22;26;31;26;31;0;0;26;31;0;0;25;22;0;0;0;0;1;1;0;0;2
87;41;79;72;261;41;0;41;0;0;0;41;87;0;79;72;261;0;0;0;0;0;0;0;0
78;25;35;43;39;37;0;0;0;0;0;0;78;25;35;43;39;37;0;1;1;0;0;0;2
50;41;36;42;50;61;50;0;0;0;50;0;0;41;36;42;0;61;0;0;1;0;0;0;1
4;8;13;4;1;24;4;0;0;4;0;0;0;8;13;0;1;24;0;1;1;0;1;1;4
26;48;82;66;26;72;26;0;0;0;26;0;0;48;82;66;0;72;0;0;0;0;0;0;0
62;39;37;72;62;39;62;39;0;0;62;39;0;0;37;72;0;0;0;0;0;0;0;0;0
53;38;38;70;79;38;0;38;38;0;0;38;53;0;0;70;79;0;0;0;0;0;0;0;0
43;43;41;55;43;43;43;43;0;0;43;43;0;0;41;55;0;0;0;0;0;0;0;0;0
16;71;63;48;16;71;16;71;0;0;16;71;0;0;63;48;0;0;0;0;0;0;0;0;0
60;69;93;34;30;103;0;0;0;0;0;0;60;69;93;34;30;103;0;0;0;1;1;0;2
76;72;49;43;76;72;76;72;0;0;76;72;0;0;49;43;0;0;0;0;0;0;0;0;0
18;44;12;57;6;66;0;0;0;0;0;0;18;44;12;57;6;66;1;0;1;0;1;0;3
31;47;88;69;15;15;0;0;0;0;15;15;31;47;88;69;0;0;1;0;0;0;0;0;1
37;51;41;66;111;102;0;0;0;0;0;0;37;51;41;66;111;102;0;0;0;0;0;0;0
61;21;61;24;122;10;61;0;61;0;0;0;0;21;0;24;122;10;0;1;0;1;0;1;3
70;36;33;44;105;12;0;0;0;0;0;0;70;36;33;44;105;12;0;1;1;0;0;1;3
36;36;33;79;36;36;36;36;0;0;36;36;0;0;33;79;0;0;0;0;1;0;0;0;1
24;19;17;19;24;12;24;19;0;19;24;0;0;0;17;0;0;12;0;0;1;0;0;1;2
33;29;46;43;49;29;0;29;0;0;0;29;33;0;46;43;49;0;1;0;0;0;0;0;1
15;27;26;40;5;13;0;0;0;0;0;0;15;27;26;40;5;13;1;1;1;0;1;1;5
36;35;38;42;36;35;36;35;0;0;36;35;0;0;38;42;0;0;0;0;0;0;0;0;0
10;13;9;22;15;4;0;0;0;0;0;0;10;13;9;22;15;4;1;1;1;1;1;1;6
54;30;49;29;18;20;0;0;0;0;0;0;54;30;49;29;18;20;0;1;0;1;1;1;4
13;55;26;13;6;55;13;55;0;13;0;55;0;0;26;0;6;0;0;0;1;0;1;0;2
50;18;73;43;33;18;0;18;0;0;0;18;50;0;73;43;33;0;0;0;0;0;1;0;1
18;32;26;57;18;64;18;0;0;0;18;0;0;32;26;57;0;64;0;1;1;0;0;0;2
21;32;56;61;21;32;21;32;0;0;21;32;0;0;56;61;0;0;0;0;0;0;0;0;0
92;39;91;76;138;39;0;39;0;0;0;39;92;0;91;76;138;0;0;0;0;0;0;0;0
65;44;42;49;21;29;0;0;0;0;0;0;65;44;42;49;21;29;0;0;0;0;1;1;2
67;53;54;54;67;53;67;53;54;54;67;53;0;0;0;0;0;0;0;0;0;0;0;0;0
74;78;66;52;148;26;0;0;0;0;0;0;74;78;66;52;148;26;0;0;0;0;0;1;1
42;60;24;39;28;20;0;0;0;0;0;0;42;60;24;39;28;20;0;0;1;0;1;1;3
69;48;77;45;103;48;0;48;0;0;0;48;69;0;77;45;103;0;0;0;0;0;0;0;0
66;42;70;76;198;42;0;42;0;0;0;42;66;0;70;76;198;0;0;0;0;0;0;0;0
40;29;23;26;120;9;0;0;0;0;0;0;40;29;23;26;120;9;0;1;1;1;0;1;4
42;75;75;72;84;50;0;75;75;0;0;0;42;0;0;72;84;50;0;0;0;0;0;0;0
26;21;69;59;17;14;0;0;0;0;0;0;26;21;69;59;17;14;1;1;0;0;1;1;4
49;82;71;35;49;82;49;82;0;0;49;82;0;0;71;35;0;0;0;0;0;1;0;0;1
64;65;66;65;21;65;0;65;0;65;0;65;64;0;66;0;21;0;0;0;0;0;1;0;1
34;54;39;23;51;36;0;0;0;0;0;0;34;54;39;23;51;36;1;0;0;1;0;1;3
16;54;22;19;5;54;0;54;0;0;0;54;16;0;22;19;5;0;1;0;1;1;1;0;4
47;50;10;34;47;150;47;0;0;0;47;0;0;50;10;34;0;150;0;0;1;1;0;0;2
90;77;43;80;90;25;90;0;0;0;90;0;0;77;43;80;0;25;0;0;0;0;0;1;1
34;50;45;37;68;25;0;0;0;0;0;0;34;50;45;37;68;25;1;0;0;0;0;1;2
26;36;6;33;26;12;26;0;0;0;26;0;0;36;6;33;0;12;0;1;1;1;0;1;4
38;47;38;60;76;70;38;0;38;0;0;0;0;47;0;60;76;70;0;0;0;0;0;0;0
46;43;46;44;69;21;46;0;46;0;0;0;0;43;0;44;69;21;0;0;0;0;0;1;1
68;75;45;51;45;25;0;0;45;0;45;0;68;75;0;51;0;25;0;0;0;0;0;1;1
80;74;98;83;120;222;0;0;0;0;0;0;80;74;98;83;120;222;0;0;0;0;0;0;0
38;23;11;76;25;69;0;0;0;0;0;0;38;23;11;76;25;69;0;1;1;0;1;0;3
86;66;83;43;86;66;86;66;0;0;86;66;0;0;83;43;0;0;0;0;0;0;0;0;0
52;80;52;58;156;240;52;0;52;0;0;0;0;80;0;58;156;240;0;0;0;0;0;0;0
13;58;12;30;19;58;0;58;0;0;0;58;13;0;12;30;19;0;1;0;1;1;1;0;4
16;62;32;58;16;93;16;0;0;0;16;0;0;62;32;58;0;93;0;0;1;0;0;0;1
37;74;64;58;37;222;37;0;0;0;37;0;0;74;64;58;0;222;0;0;0;0;0;0;0
34;47;66;33;34;47;34;47;0;0;34;47;0;0;66;33;0;0;0;0;0;1;0;0;1
42;55;55;42;63;55;42;55;55;42;0;55;0;0;0;0;63;0;0;0;0;0;0;0;0
75;51;56;95;25;51;0;51;0;0;0;51;75;0;56;95;25;0;0;0;0;0;1;0;1
52;55;27;59;52;27;52;0;27;0;52;27;0;55;0;59;0;0;0;0;0;0;0;0;0
19;59;66;33;38;59;0;59;0;0;0;59;19;0;66;33;38;0;1;0;0;1;0;0;2
18;46;63;55;36;46;0;46;0;0;0;46;18;0;63;55;36;0;1;0;0;0;1;0;2
31;57;19;20;31;57;31;57;0;0;31;57;0;0;19;20;0;0;0;0;1;1;0;0;2
40;53;60;35;20;79;0;0;0;0;0;0;40;53;60;35;20;79;0;0;0;1;1;0;2
52;10;16;31;26;10;0;10;0;0;0;10;52;0;16;31;26;0;0;0;1;1;1;0;3
66;62;70;80;99;186;0;0;0;0;0;0;66;62;70;80;99;186;0;0;0;0;0;0;0
73;70;50;26;36;210;0;0;0;0;0;0;73;70;50;26;36;210;0;0;0;1;1;0;2
5;21;1;6;15;21;0;21;0;0;0;21;5;0;1;6;15;0;1;0;1;1;1;0;4
77;56;53;90;77;56;77;56;0;0;77;56;0;0;53;90;0;0;0;0;0;0;0;0;0
57;88;62;57;38;88;57;88;0;57;0;88;0;0;62;0;38;0;0;0;0;0;0;0;0
8;27;12;20;4;54;0;0;0;0;0;0;8;27;12;20;4;54;1;1;1;1;1;0;5
59;54;89;52;19;81;0;0;0;0;0;0;59;54;89;52;19;81;0;0;0;0;1;0;1
55;73;53;56;82;146;0;0;0;0;0;0;55;73;53;56;82;146;0;0;0;0;0;0;0
53;19;26;28;53;6;53;0;0;0;53;0;0;19;26;28;0;6;0;1;1;1;0;1;4
55;84;68;31;18;56;0;0;0;0;0;0;55;84;68;31;18;56;0;0;0;1;1;0;2
79;60;81;77;26;60;0;60;0;0;0;60;79;0;81;77;26;0;0;0;0;0;1;0;1
60;51;46;24;40;51;0;51;0;0;0;51;60;0;46;24;40;0;0;0;0;1;0;0;1
79;36;66;19;158;24;0;0;0;0;0;0;79;36;66;19;158;24;0;1;0;1;0;1;3
63;38;37;30;189;38;0;38;0;0;0;38;63;0;37;30;189;0;0;0;0;1;0;0;1
74;50;31;35;111;75;0;0;0;0;0;0;74;50;31;35;111;75;0;0;1;1;0;0;2
13;11;6;54;39;3;0;0;0;0;0;0;13;11;6;54;39;3;1;1;1;0;0;1;4
37;32;37;37;18;64;37;0;37;37;0;0;0;32;0;0;18;64;0;1;0;0;1;0;2
73;50;82;75;146;150;0;0;0;0;0;0;73;50;82;75;146;150;0;0;0;0;0;0;0
45;42;85;49;45;21;45;0;0;0;45;0;0;42;85;49;0;21;0;0;0;0;0;1;1
43;41;32;49;86;123;0;0;0;0;0;0;43;41;32;49;86;123;0;0;1;0;0;0;1
61;14;27;44;61;14;61;14;0;0;61;14;0;0;27;44;0;0;0;0;1;0;0;0;1
17;47;48;5;8;31;0;0;0;0;0;0;17;47;48;5;8;31;1;0;0;1;1;1;4
21;75;19;62;63;37;0;0;0;0;0;0;21;75;19;62;63;37;1;0;1;0;0;0;2
33;9;23;17;66;6;0;0;0;0;0;0;33;9;23;17;66;6;1;1;1;1;0;1;5
35;28;10;31;105;14;0;0;0;0;0;0;35;28;10;31;105;14;1;1;1;1;0;1;5
73;78;81;70;36;234;0;0;0;0;0;0;73;78;81;70;36;234;0;0;0;0;1;0;1
62;52;74;32;41;26;0;0;0;0;0;0;62;52;74;32;41;26;0;0;0;1;0;1;2
60;55;49;51;90;55;0;55;0;0;0;55;60;0;49;51;90;0;0;0;0;0;0;0;0
33;24;26;27;66;24;0;24;0;0;0;24;33;0;26;27;66;0;1;0;1;1;0;0;3
18;21;20;17;12;63;0;0;0;0;0;0;18;21;20;17;12;63;1;1;1;1;1;0;5
69;47;9;27;23;15;0;0;0;0;0;0;69;47;9;27;23;15;0;0;1;1;1;1;4
20;29;31;11;6;14;0;0;0;0;0;0;20;29;31;11;6;14;1;1;1;1;1;1;6
45;60;49;62;45;40;45;0;0;0;45;0;0;60;49;62;0;40;0;0;0;0;0;0;0
45;36;34;51;67;24;0;0;0;0;0;0;45;36;34;51;67;24;0;1;1;0;0;1;3
7;74;12;17;21;37;0;0;0;0;0;0;7;74;12;17;21;37;1;0;1;1;1;0;4
70;77;59;80;46;115;0;0;0;0;0;0;70;77;59;80;46;115;0;0;0;0;0;0;0
52;52;42;39;17;26;52;52;0;0;0;0;0;0;42;39;17;26;0;0;0;0;1;1;2
37;13;27;8;12;13;0;13;0;0;0;13;37;0;27;8;12;0;0;0;1;1;1;0;3
61;30;50;34;40;45;0;0;0;0;0;0;61;30;50;34;40;45;0;1;0;1;0;0;2
28;26;21;19;28;26;28;26;0;0;28;26;0;0;21;19;0;0;0;0;1;1;0;0;2
25;75;44;96;12;25;25;0;0;0;0;25;0;75;44;96;12;0;0;0;0;0;1;0;1
18;81;34;77;18;40;18;0;0;0;18;0;0;81;34;77;0;40;0;0;1;0;0;0;1
56;37;56;45;28;111;56;0;56;0;0;0;0;37;0;45;28;111;0;0;0;0;1;0;1
91;77;83;65;91;77;91;77;0;0;91;77;0;0;83;65;0;0;0;0;0;0;0;0;0
21;31;58;35;7;46;0;0;0;0;0;0;21;31;58;35;7;46;1;1;0;1;1;0;4
33;85;50;22;16;28;0;0;0;0;0;0;33;85;50;22;16;28;1;0;0;1;1;1;4
51;59;60;59;76;177;0;59;0;59;0;0;51;0;60;0;76;177;0;0;0;0;0;0;0
71;56;52;46;106;168;0;0;0;0;0;0;71;56;52;46;106;168;0;0;0;0;0;0;0
32;59;11;82;16;39;0;0;0;0;0;0;32;59;11;82;16;39;1;0;1;0;1;0;3
50;30;65;80;33;10;0;0;0;0;0;0;50;30;65;80;33;10;0;1;0;0;1;1;3
97;69;80;47;194;69;0;69;0;0;0;69;97;0;80;47;194;0;0;0;0;0;0;0;0
56;52;32;20;37;104;0;0;0;0;0;0;56;52;32;20;37;104;0;0;1;1;0;0;2
73;22;62;13;24;22;0;22;0;0;0;22;73;0;62;13;24;0;0;0;0;1;1;0;2
54;44;77;72;54;66;54;0;0;0;54;0;0;44;77;72;0;66;0;0;0;0;0;0;0
63;14;7;73;63;14;63;14;0;0;63;14;0;0;7;73;0;0;0;0;1;0;0;0;1
65;39;33;61;32;39;0;39;0;0;0;39;65;0;33;61;32;0;0;0;1;0;1;0;2
63;66;40;83;63;33;63;0;0;0;63;0;0;66;40;83;0;33;0;0;0;0;0;1;1
33;25;49;64;33;25;33;25;0;0;33;25;0;0;49;64;0;0;0;0;0;0;0;0;0
61;64;30;44;61;64;61;64;0;0;61;64;0;0;30;44;0;0;0;0;1;0;0;0;1
21;14;20;42;14;14;0;14;0;0;14;14;21;0;20;42;0;0;1;0;1;0;0;0;2
48;79;87;55;72;26;0;0;0;0;0;0;48;79;87;55;72;26;0;0;0;0;0;1;1
36;27;90;91;12;13;0;0;0;0;0;0;36;27;90;91;12;13;1;1;0;0;1;1;4
55;40;68;5;82;80;0;0;0;0;0;0;55;40;68;5;82;80;0;0;0;1;0;0;1
13;14;22;27;8;14;0;14;0;0;0;14;13;0;22;27;8;0;1;0;1;1;1;0;4
53;61;39;39;159;91;0;0;39;39;0;0;53;61;0;0;159;91;0;0;0;0;0;0;0
63;77;72;39;21;51;0;0;0;0;0;0;63;77;72;39;21;51;0;0;0;0;1;0;1
74;69;75;30;37;207;0;0;0;0;0;0;74;69;75;30;37;207;0;0;0;1;0;0;1
82;73;41;44;123;73;0;73;0;0;0;73;82;0;41;44;123;0;0;0;0;0;0;0;0
43;47;63;60;28;15;0;0;0;0;0;0;43;47;63;60;28;15;0;0;0;0;1;1;2
34;35;24;35;22;105;0;35;0;35;0;0;34;0;24;0;22;105;1;0;1;0;1;0;3
27;19;35;31;27;19;27;19;0;0;27;19;0;0;35;31;0;0;0;0;1;1;0;0;2
18;31;27;41;36;62;0;0;0;0;0;0;18;31;27;41;36;62;1;1;1;0;1;0;4
26;20;41;30;26;30;26;0;0;30;26;30;0;20;41;0;0;0;0;1;0;0;0;0;1
85;79;76;43;56;26;0;0;0;0;0;0;85;79;76;43;56;26;0;0;0;0;0;1;1
23;45;43;32;7;135;0;0;0;0;0;0;23;45;43;32;7;135;1;0;0;1;1;0;3
24;41;46;75;48;123;0;0;0;0;0;0;24;41;46;75;48;123;1;0;0;0;0;0;1
64;39;41;51;128;19;0;0;0;0;0;0;64;39;41;51;128;19;0;0;0;0;0;1;1
60;48;46;58;60;24;60;0;0;0;60;0;0;48;46;58;0;24;0;0;0;0;0;1;1
62;8;29;47;124;8;0;8;0;0;0;8;62;0;29;47;124;0;0;0;1;0;0;0;1
32;29;35;50;48;87;0;0;0;0;0;0;32;29;35;50;48;87;1;1;1;0;0;0;3
58;29;57;41;58;19;58;0;0;0;58;0;0;29;57;41;0;19;0;1;0;0;0;1;2
24;37;87;45;8;55;0;0;0;0;0;0;24;37;87;45;8;55;1;0;0;0;1;0;2
41;39;51;70;123;26;0;0;0;0;0;0;41;39;51;70;123;26;0;0;0;0;0;1;1
65;16;11;23;195;48;0;0;0;0;0;0;65;16;11;23;195;48;0;1;1;1;0;0;3
19;22;48;53;19;44;19;0;0;0;19;0;0;22;48;53;0;44;0;1;0;0;0;0;1
57;47;60;53;57;23;57;0;0;0;57;0;0;47;60;53;0;23;0;0;0;0;0;1;1
63;85;64;94;63;127;63;0;0;0;63;0;0;85;64;94;0;127;0;0;0;0;0;0;0
51;89;45;87;76;59;0;0;0;0;0;0;51;89;45;87;76;59;0;0;0;0;0;0;0
79;87;66;86;26;87;0;87;0;0;0;87;79;0;66;86;26;0;0;0;0;0;1;0;1
64;66;31;89;64;66;64;66;0;0;64;66;0;0;31;89;0;0;0;0;1;0;0;0;1
36;85;25;36;72;85;36;85;0;36;0;85;0;0;25;0;72;0;0;0;1;0;0;0;1
23;22;48;58;23;14;23;0;0;0;23;0;0;22;48;58;0;14;0;1;0;0;0;1;2
10;38;84;67;10;76;10;0;0;0;10;0;0;38;84;67;0;76;0;0;0;0;0;0;0
19;17;61;66;19;17;19;17;0;0;19;17;0;0;61;66;0;0;0;0;0;0;0;0;0
68;67;13;68;136;100;68;0;0;68;0;0;0;67;13;0;136;100;0;0;1;0;0;0;1
36;75;39;80;36;112;36;0;0;0;36;0;0;75;39;80;0;112;0;0;0;0;0;0;0
76;84;64;66;152;168;0;0;0;0;0;0;76;84;64;66;152;168;0;0;0;0;0;0;0
46;39;32;38;69;78;0;0;0;0;0;0;46;39;32;38;69;78;0;0;1;0;0;0;1
86;66;91;25;129;66;0;66;0;0;0;66;86;0;91;25;129;0;0;0;0;1;0;0;1
24;53;28;46;16;35;0;0;0;0;0;0;24;53;28;46;16;35;1;0;1;0;1;1;4
20;25;11;30;20;12;20;0;0;0;20;0;0;25;11;30;0;12;0;1;1;1;0;1;4
79;28;33;51;39;28;0;28;0;0;0;28;79;0;33;51;39;0;0;0;1;0;0;0;1
59;27;39;28;118;18;0;0;0;0;0;0;59;27;39;28;118;18;0;1;0;1;0;1;3
27;28;31;25;81;42;0;0;0;0;0;0;27;28;31;25;81;42;1;1;1;1;0;0;4
44;38;32;24;14;38;0;38;0;0;0;38;44;0;32;24;14;0;0;0;1;1;1;0;3
28;45;50;48;18;45;0;45;0;0;0;45;28;0;50;48;18;0;1;0;0;0;1;0;2
46;74;89;57;46;37;46;0;0;0;46;0;0;74;89;57;0;37;0;0;0;0;0;0;0
14;26;40;38;28;52;0;0;0;0;0;0;14;26;40;38;28;52;1;1;0;0;1;0;3
34;84;91;59;11;126;0;0;0;0;0;0;34;84;91;59;11;126;1;0;0;0;1;0;2
46;37;45;31;30;74;0;0;0;0;0;0;46;37;45;31;30;74;0;0;0;1;1;0;2
77;38;37;41;231;12;0;0;0;0;0;0;77;38;37;41;231;12;0;0;0;0;0;1;1
47;68;32;4;141;22;0;0;0;0;0;0;47;68;32;4;141;22;0;0;1;1;0;1;3
87;89;81;10;87;178;87;0;0;0;87;0;0;89;81;10;0;178;0;0;0;1;0;0;1
77;32;53;36;115;21;0;0;0;0;0;0;77;32;53;36;115;21;0;1;0;1;0;1;3
43;75;71;9;14;50;0;0;0;0;0;0;43;75;71;9;14;50;0;0;0;1;1;0;2
15;35;41;19;7;11;0;0;0;0;0;0;15;35;41;19;7;11;1;1;0;1;1;1;5
37;53;31;58;37;106;37;0;0;0;37;0;0;53;31;58;0;106;0;0;1;0;0;0;1
32;44;66;61;32;29;32;0;0;0;32;0;0;44;66;61;0;29;0;0;0;0;0;1;1
55;57;54;34;18;114;0;0;0;0;0;0;55;57;54;34;18;114;0;0;0;1;1;0;2
60;43;51;52;60;129;60;0;0;0;60;0;0;43;51;52;0;129;0;0;0;0;0;0;0
20;42;43;52;10;63;0;0;0;0;0;0;20;42;43;52;10;63;1;0;0;0;1;0;2
38;55;69;40;76;27;0;0;0;0;0;0;38;55;69;40;76;27;0;0;0;0;0;1;1
25;48;29;27;25;32;25;0;0;0;25;0;0;48;29;27;0;32;0;0;1;1;0;1;3
64;87;32;81;32;261;0;0;32;0;32;0;64;87;0;81;0;261;0;0;0;0;0;0;0
56;43;90;11;37;64;0;0;0;0;0;0;56;43;90;11;37;64;0;0;0;1;0;0;1
17;38;50;31;17;38;17;38;0;0;17;38;0;0;50;31;0;0;0;0;0;1;0;0;1
46;56;22;29;92;56;0;56;0;0;0;56;46;0;22;29;92;0;0;0;1;1;0;0;2
75;74;81;18;225;24;0;0;0;0;0;0;75;74;81;18;225;24;0;0;0;1;0;1;2
20;18;50;15;20;9;20;0;0;0;20;0;0;18;50;15;0;9;0;1;0;1;0;1;3
4;8;45;32;6;8;0;8;0;0;0;8;4;0;45;32;6;0;1;0;0;1;1;0;3
22;7;9;10;66;7;0;7;0;0;0;7;22;0;9;10;66;0;1;0;1;1;0;0;3
91;88;63;75;91;58;91;0;0;0;91;0;0;88;63;75;0;58;0;0;0;0;0;0;0
58;75;39;62;29;225;0;0;0;0;0;0;58;75;39;62;29;225;0;0;0;0;1;0;1
91;22;49;51;136;22;0;22;0;0;0;22;91;0;49;51;136;0;0;0;0;0;0;0;0
43;40;43;46;86;40;43;40;43;0;0;40;0;0;0;46;86;0;0;0;0;0;0;0;0
23;47;11;15;23;47;23;47;0;0;23;47;0;0;11;15;0;0;0;0;1;1;0;0;2
32;19;43;21;64;12;0;0;0;0;0;0;32;19;43;21;64;12;1;1;0;1;0;1;4
22;27;80;68;22;40;22;0;0;0;22;0;0;27;80;68;0;40;0;1;0;0;0;0;1
72;66;27;55;24;99;0;0;0;0;0;0;72;66;27;55;24;99;0;0;1;0;1;0;2
41;55;48;34;41;18;41;0;0;0;41;0;0;55;48;34;0;18;0;0;0;1;0;1;2
21;71;78;74;7;23;0;0;0;0;0;0;21;71;78;74;7;23;1;0;0;0;1;1;3
19;37;15;26;38;18;0;0;0;0;0;0;19;37;15;26;38;18;1;0;1;1;0;1;4
76;67;55;69;152;100;0;0;0;0;0;0;76;67;55;69;152;100;0;0;0;0;0;0;0
47;57;18;63;15;28;0;0;0;0;0;0;47;57;18;63;15;28;0;0;1;0;1;1;3
93;35;12;15;93;17;93;0;0;0;93;0;0;35;12;15;0;17;0;1;1;1;0;1;4
27;80;28;28;27;80;27;80;28;28;27;80;0;0;0;0;0;0;0;0;0;0;0;0;0
43;57;32;37;86;57;0;57;0;0;0;57;43;0;32;37;86;0;0;0;1;0;0;0;1
62;55;54;19;93;55;0;55;0;0;0;55;62;0;54;19;93;0;0;0;0;1;0;0;1
4;23;18;3;12;69;0;0;0;0;0;0;4;23;18;3;12;69;1;1;1;1;1;0;5
74;42;8;67;111;42;0;42;0;0;0;42;74;0;8;67;111;0;0;0;1;0;0;0;1
56;71;57;86;168;23;0;0;0;0;0;0;56;71;57;86;168;23;0;0;0;0;0;1;1
52;79;60;44;26;79;0;79;0;0;0;79;52;0;60;44;26;0;0;0;0;0;1;0;1
18;22;18;7;27;7;18;0;18;7;0;7;0;22;0;0;27;0;0;1;0;0;1;0;2
56;54;84;30;56;81;56;0;0;0;56;0;0;54;84;30;0;81;0;0;0;1;0;0;1
72;50;40;55;72;100;72;0;0;0;72;0;0;50;40;55;0;100;0;0;0;0;0;0;0
35;42;19;20;35;14;35;0;0;0;35;0;0;42;19;20;0;14;0;0;1;1;0;1;3
68;24;25;79;136;12;0;0;0;0;0;0;68;24;25;79;136;12;0;1;1;0;0;1;3
91;85;56;42;45;85;0;85;0;0;0;85;91;0;56;42;45;0;0;0;0;0;0;0;0
21;30;51;41;63;15;0;0;0;0;0;0;21;30;51;41;63;15;1;1;0;0;0;1;3
66;35;60;59;44;35;0;35;0;0;0;35;66;0;60;59;44;0;0;0;0;0;0;0;0
94;68;49;72;31;68;0;68;0;0;0;68;94;0;49;72;31;0;0;0;0;0;1;0;1
35;45;35;42;35;45;35;45;35;0;35;45;0;0;0;42;0;0;0;0;0;0;0;0;0
58;51;51;60;29;17;0;51;51;0;0;0;58;0;0;60;29;17;0;0;0;0;1;1;2
56;8;74;57;37;12;0;0;0;0;0;0;56;8;74;57;37;12;0;1;0;0;0;1;2
65;50;52;83;65;150;65;0;0;0;65;0;0;50;52;83;0;150;0;0;0;0;0;0;0
47;47;79;71;47;47;47;47;0;0;47;47;0;0;79;71;0;0;0;0;0;0;0;0;0
27;33;43;19;54;11;0;0;0;0;0;0;27;33;43;19;54;11;1;1;0;1;0;1;4
28;29;73;50;28;29;28;29;0;0;28;29;0;0;73;50;0;0;0;0;0;0;0;0;0
76;58;79;86;76;174;76;0;0;0;76;0;0;58;79;86;0;174;0;0;0;0;0;0;0
39;6;59;4;39;6;39;6;0;0;39;6;0;0;59;4;0;0;0;0;0;1;0;0;1
59;50;46;61;88;100;0;0;0;0;0;0;59;50;46;61;88;100;0;0;0;0;0;0;0
67;62;36;13;22;93;0;0;0;0;0;0;67;62;36;13;22;93;0;0;1;1;1;0;3
30;75;52;83;90;25;0;0;0;0;0;0;30;75;52;83;90;25;1;0;0;0;0;1;2
92;66;57;25;184;66;0;66;0;0;0;66;92;0;57;25;184;0;0;0;0;1;0;0;1
3;51;13;12;2;76;0;0;0;0;0;0;3;51;13;12;2;76;1;0;1;1;1;0;4
2;43;2;19;6;129;2;0;2;0;0;0;0;43;0;19;6;129;0;0;0;1;1;0;2
9;28;34;25;4;18;0;0;0;0;0;0;9;28;34;25;4;18;1;1;1;1;1;1;6
63;65;70;71;126;43;0;0;0;0;0;0;63;65;70;71;126;43;0;0;0;0;0;0;0
69;87;56;65;138;87;0;87;0;0;0;87;69;0;56;65;138;0;0;0;0;0;0;0;0
35;32;36;11;35;10;35;0;0;0;35;0;0;32;36;11;0;10;0;1;1;1;0;1;4
45;32;36;99;45;21;45;0;0;0;45;0;0;32;36;99;0;21;0;1;1;0;0;1;3
11;25;30;14;16;8;0;0;0;0;0;0;11;25;30;14;16;8;1;1;1;1;1;1;6
74;13;29;82;111;26;0;0;0;0;0;0;74;13;29;82;111;26;0;1;1;0;0;1;3
60;30;64;48;20;30;0;30;0;0;0;30;60;0;64;48;20;0;0;0;0;0;1;0;1
50;86;73;60;150;43;0;0;0;0;0;0;50;86;73;60;150;43;0;0;0;0;0;0;0
24;11;27;36;36;11;0;11;0;36;36;11;24;0;27;0;0;0;1;0;1;0;0;0;2
69;75;42;35;69;225;69;0;0;0;69;0;0;75;42;35;0;225;0;0;0;1;0;0;1
5;24;76;67;10;48;0;0;0;0;0;0;5;24;76;67;10;48;1;1;0;0;1;0;3
74;67;69;64;49;201;0;0;0;0;0;0;74;67;69;64;49;201;0;0;0;0;0;0;0
36;41;44;19;36;41;36;41;0;0;36;41;0;0;44;19;0;0;0;0;0;1;0;0;1
88;65;82;84;88;195;88;0;0;0;88;0;0;65;82;84;0;195;0;0;0;0;0;0;0
45;52;76;87;45;104;45;0;0;0;45;0;0;52;76;87;0;104;0;0;0;0;0;0;0
46;58;29;58;69;58;0;58;0;58;0;58;46;0;29;0;69;0;0;0;1;0;0;0;1
35;64;35;45;70;64;35;64;35;0;0;64;0;0;0;45;70;0;0;0;0;0;0;0;0
25;22;21;20;25;22;25;22;0;0;25;22;0;0;21;20;0;0;0;0;1;1;0;0;2
80;82;91;52;240;82;0;82;0;0;0;82;80;0;91;52;240;0;0;0;0;0;0;0;0
54;66;50;86;108;99;0;0;0;0;0;0;54;66;50;86;108;99;0;0;0;0;0;0;0
86;52;68;58;86;104;86;0;0;0;86;0;0;52;68;58;0;104;0;0;0;0;0;0;0
37;34;26;35;111;34;0;34;0;0;0;34;37;0;26;35;111;0;0;0;1;1;0;0;2
25;24;13;34;16;24;0;24;0;0;0;24;25;0;13;34;16;0;1;0;1;1;1;0;4
70;55;71;66;210;55;0;55;0;0;0;55;70;0;71;66;210;0;0;0;0;0;0;0;0
53;47;1;85;17;47;0;47;0;0;0;47;53;0;1;85;17;0;0;0;1;0;1;0;2
48;49;35;43;32;147;0;0;0;0;0;0;48;49;35;43;32;147;0;0;1;0;1;0;2
34;59;94;60;34;88;34;0;0;0;34;0;0;59;94;60;0;88;0;0;0;0;0;0;0
76;37;21;88;76;37;76;37;0;0;76;37;0;0;21;88;0;0;0;0;1;0;0;0;1
78;74;46;66;78;111;78;0;0;0;78;0;0;74;46;66;0;111;0;0;0;0;0;0;0
73;58;83;58;109;19;0;58;0;58;0;0;73;0;83;0;109;19;0;0;0;0;0;1;1
63;19;98;23;63;38;63;0;0;0;63;0;0;19;98;23;0;38;0;1;0;1;0;0;2
86;90;39;40;86;45;86;0;0;0;86;0;0;90;39;40;0;45;0;0;0;0;0;0;0
55;46;37;39;110;92;0;0;0;0;0;0;55;46;37;39;110;92;0;0;0;0;0;0;0
42;16;78;63;28;10;0;0;0;0;0;0;42;16;78;63;28;10;0;1;0;0;1;1;3
57;22;15;49;57;66;57;0;0;0;57;0;0;22;15;49;0;66;0;1;1;0;0;0;2
23;44;50;27;15;132;0;0;0;0;0;0;23;44;50;27;15;132;1;0;0;1;1;0;3
51;60;65;82;153;120;0;0;0;0;0;0;51;60;65;82;153;120;0;0;0;0;0;0;0
43;32;46;85;43;48;43;0;0;0;43;0;0;32;46;85;0;48;0;1;0;0;0;0;1
63;15;56;41;94;15;0;15;0;0;0;15;63;0;56;41;94;0;0;0;0;0;0;0;0
23;10;22;13;7;6;0;0;0;0;0;0;23;10;22;13;7;6;1;1;1;1;1;1;6
32;70;59;23;16;210;0;0;0;0;0;0;32;70;59;23;16;210;1;0;0;1;1;0;3
63;57;75;64;63;114;63;0;0;0;63;0;0;57;75;64;0;114;0;0;0;0;0;0;0
51;17;33;44;51;17;51;17;0;0;51;17;0;0;33;44;0;0;0;0;1;0;0;0;1
42;70;54;79;42;140;42;0;0;0;42;0;0;70;54;79;0;140;0;0;0;0;0;0;0
31;30;48;19;31;15;31;0;0;0;31;0;0;30;48;19;0;15;0;1;0;1;0;1;3
16;22;22;23;16;22;16;22;22;0;16;22;0;0;0;23;0;0;0;0;0;1;0;0;1
95;98;79;90;31;196;0;0;0;0;0;0;95;98;79;90;31;196;0;0;0;0;1;0;1
16;30;19;40;16;60;16;0;0;0;16;0;0;30;19;40;0;60;0;1;1;0;0;0;2
30;29;33;30;30;58;30;0;0;30;30;0;0;29;33;0;0;58;0;1;1;0;0;0;2
37;15;70;95;12;15;0;15;0;0;0;15;37;0;70;95;12;0;0;0;0;0;1;0;1
22;26;28;33;22;26;22;26;0;0;22;26;0;0;28;33;0;0;0;0;1;1;0;0;2
46;10;28;53;92;6;0;0;0;0;0;0;46;10;28;53;92;6;0;1;1;0;0;1;3
70;63;73;47;70;126;70;0;0;0;70;0;0;63;73;47;0;126;0;0;0;0;0;0;0
32;29;29;38;32;29;32;29;29;0;32;29;0;0;0;38;0;0;0;0;0;0;0;0;0
77;77;62;76;25;77;77;77;0;0;0;77;0;0;62;76;25;0;0;0;0;0;1;0;1
59;65;52;47;59;97;59;0;0;0;59;0;0;65;52;47;0;97;0;0;0;0;0;0;0
54;51;57;49;81;102;0;0;0;0;0;0;54;51;57;49;81;102;0;0;0;0;0;0;0
19;7;74;37;19;10;19;0;0;0;19;0;0;7;74;37;0;10;0;1;0;0;0;1;2
58;63;45;90;29;21;0;0;0;0;0;0;58;63;45;90;29;21;0;0;0;0;1;1;2
40;57;62;77;26;57;0;57;0;0;0;57;40;0;62;77;26;0;0;0;0;0;1;0;1
30;37;48;35;20;74;0;0;0;0;0;0;30;37;48;35;20;74;1;0;0;1;1;0;3
22;32;63;53;22;96;22;0;0;0;22;0;0;32;63;53;0;96;0;1;0;0;0;0;1
46;15;38;35;46;7;46;0;0;0;46;0;0;15;38;35;0;7;0;1;0;1;0;1;3
41;84;93;78;27;56;0;0;0;0;0;0;41;84;93;78;27;56;0;0;0;0;1;0;1
45;77;94;48;45;231;45;0;0;0;45;0;0;77;94;48;0;231;0;0;0;0;0;0;0
92;73;53;42;92;36;92;0;0;0;92;0;0;73;53;42;0;36;0;0;0;0;0;1;1
53;80;47;73;17;120;0;0;0;0;0;0;53;80;47;73;17;120;0;0;0;0;1;0;1
40;38;26;30;60;12;0;0;0;0;0;0;40;38;26;30;60;12;0;0;1;1;0;1;3
16;95;24;72;24;95;0;95;24;0;24;95;16;0;0;72;0;0;1;0;0;0;0;0;1
44;30;32;27;88;45;0;0;0;0;0;0;44;30;32;27;88;45;0;1;1;1;0;0;3
27;35;34;48;9;70;0;0;0;0;0;0;27;35;34;48;9;70;1;1;1;0;1;0;4
59;32;45;59;29;64;59;0;0;59;0;0;0;32;45;0;29;64;0;1;0;0;1;0;2
43;33;10;43;14;49;43;0;0;43;0;0;0;33;10;0;14;49;0;1;1;0;1;0;3
35;36;17;40;35;24;35;0;0;0;35;0;0;36;17;40;0;24;0;1;1;0;0;1;3
68;47;58;78;34;23;0;0;0;0;0;0;68;47;58;78;34;23;0;0;0;0;1;1;2
15;37;58;57;45;74;0;0;0;0;0;0;15;37;58;57;45;74;1;0;0;0;0;0;1
67;40;64;51;100;20;0;0;0;0;0;0;67;40;64;51;100;20;0;0;0;0;0;1;1
12;38;11;38;18;19;0;38;0;38;0;0;12;0;11;0;18;19;1;0;1;0;1;1;4
42;57;30;51;42;85;42;0;0;0;42;0;0;57;30;51;0;85;0;0;1;0;0;0;1
60;41;59;68;90;20;0;0;0;0;0;0;60;41;59;68;90;20;0;0;0;0;0;1;1
32;53;48;85;10;35;0;0;0;0;0;0;32;53;48;85;10;35;1;0;0;0;1;1;3
74;31;20;55;222;10;0;0;0;0;0;0;74;31;20;55;222;10;0;1;1;0;0;1;3
23;53;8;36;15;53;0;53;0;0;0;53;23;0;8;36;15;0;1;0;1;1;1;0;4
39;57;48;56;39;57;39;57;0;0;39;57;0;0;48;56;0;0;0;0;0;0;0;0;0
22;31;68;18;7;31;0;31;0;0;0;31;22;0;68;18;7;0;1;0;0;1;1;0;3
39;19;44;18;13;12;0;0;0;0;0;0;39;19;44;18;13;12;0;1;0;1;1;1;4
25;49;47;20;16;16;0;0;0;0;16;16;25;49;47;20;0;0;1;0;0;1;0;0;2
34;43;49;38;22;21;0;0;0;0;0;0;34;43;49;38;22;21;1;0;0;0;1;1;3
30;28;76;30;45;18;30;0;0;30;0;0;0;28;76;0;45;18;0;1;0;0;0;1;2
76;42;25;74;76;42;76;42;0;0;76;42;0;0;25;74;0;0;0;0;1;0;0;0;1
51;45;32;11;34;135;0;0;0;0;0;0;51;45;32;11;34;135;0;0;1;1;1;0;3
45;32;59;33;30;48;0;0;0;0;0;0;45;32;59;33;30;48;0;1;0;1;1;0;3
49;39;73;44;98;39;0;39;0;0;0;39;49;0;73;44;98;0;0;0;0;0;0;0;0
29;68;64;31;9;68;0;68;0;0;0;68;29;0;64;31;9;0;1;0;0;1;1;0;3
22;71;64;14;11;35;0;0;0;0;0;0;22;71;64;14;11;35;1;0;0;1;1;1;4
61;28;29;50;122;28;0;28;0;0;0;28;61;0;29;50;122;0;0;0;1;0;0;0;1
49;44;37;8;16;22;0;0;0;0;0;0;49;44;37;8;16;22;0;0;0;1;1;1;3
55;78;65;75;55;78;55;78;0;0;55;78;0;0;65;75;0;0;0;0;0;0;0;0;0
87;56;50;16;58;84;0;0;0;0;0;0;87;56;50;16;58;84;0;0;0;1;0;0;1
47;35;17;31;94;11;0;0;0;0;0;0;47;35;17;31;94;11;0;1;1;1;0;1;4
14;5;7;16;14;15;14;0;0;0;14;0;0;5;7;16;0;15;0;1;1;1;0;1;4
53;10;54;43;53;3;53;0;0;0;53;0;0;10;54;43;0;3;0;1;0;0;0;1;2
82;29;91;41;82;29;82;29;0;0;82;29;0;0;91;41;0;0;0;0;0;0;0;0;0
35;54;42;35;35;162;35;0;0;35;35;0;0;54;42;0;0;162;0;0;0;0;0;0;0
69;73;87;41;69;36;69;0;0;0;69;0;0;73;87;41;0;36;0;0;0;0;0;1;1
58;88;39;39;38;88;0;88;39;39;0;88;58;0;0;0;38;0;0;0;0;0;0;0;0
52;50;89;81;104;100;0;0;0;0;0;0;52;50;89;81;104;100;0;0;0;0;0;0;0
65;33;32;48;43;33;0;33;0;0;0;33;65;0;32;48;43;0;0;0;1;0;0;0;1
20;19;21;31;20;19;20;19;0;0;20;19;0;0;21;31;0;0;0;0;1;1;0;0;2
7;47;39;21;21;47;0;47;0;21;21;47;7;0;39;0;0;0;1;0;0;0;0;0;1
76;42;83;47;228;42;0;42;0;0;0;42;76;0;83;47;228;0;0;0;0;0;0;0;0
78;59;16;35;78;39;78;0;0;0;78;0;0;59;16;35;0;39;0;0;1;1;0;0;2
21;60;24;30;42;30;0;0;0;30;0;30;21;60;24;0;42;0;1;0;1;0;0;0;2
62;63;68;53;31;31;0;0;0;0;31;31;62;63;68;53;0;0;0;0;0;0;0;0;0
43;27;83;61;129;9;0;0;0;0;0;0;43;27;83;61;129;9;0;1;0;0;0;1;2
48;59;60;80;24;29;0;0;0;0;0;0;48;59;60;80;24;29;0;0;0;0;1;1;2
61;61;76;45;91;40;61;61;0;0;0;0;0;0;76;45;91;40;0;0;0;0;0;0;0
47;33;6;42;141;22;0;0;0;0;0;0;47;33;6;42;141;22;0;1;1;0;0;1;3
25;40;12;5;75;13;0;0;0;0;0;0;25;40;12;5;75;13;1;0;1;1;0;1;4
15;29;75;52;10;19;0;0;0;0;0;0;15;29;75;52;10;19;1;1;0;0;1;1;4
16;43;10;18;5;21;0;0;0;0;0;0;16;43;10;18;5;21;1;0;1;1;1;1;5
18;24;35;25;18;16;18;0;0;0;18;0;0;24;35;25;0;16;0;1;1;1;0;1;4
65;56;92;60;97;84;0;0;0;0;0;0;65;56;92;60;97;84;0;0;0;0;0;0;0
21;41;16;46;31;20;0;0;0;0;0;0;21;41;16;46;31;20;1;0;1;0;1;1;4
55;35;11;34;55;11;55;0;11;0;55;11;0;35;0;34;0;0;0;1;0;1;0;0;2
22;18;18;21;22;36;22;18;18;0;22;0;0;0;0;21;0;36;0;0;0;1;0;1;2
70;92;89;33;140;138;0;0;0;0;0;0;70;92;89;33;140;138;0;0;0;1;0;0;1
45;71;33;89;90;142;0;0;0;0;0;0;45;71;33;89;90;142;0;0;1;0;0;0;1
80;52;13;57;53;52;0;52;0;0;0;52;80;0;13;57;53;0;0;0;1;0;0;0;1
70;57;83;29;35;57;0;57;0;0;0;57;70;0;83;29;35;0;0;0;0;1;1;0;2
16;69;54;60;32;46;0;0;0;0;0;0;16;69;54;60;32;46;1;0;0;0;1;0;2
42;59;9;68;126;59;0;59;0;0;0;59;42;0;9;68;126;0;0;0;1;0;0;0;1
77;56;66;63;77;56;77;56;0;0;77;56;0;0;66;63;0;0;0;0;0;0;0;0;0
71;95;41;54;142;63;0;0;0;0;0;0;71;95;41;54;142;63;0;0;0;0;0;0;0
42;73;52;61;42;146;42;0;0;0;42;0;0;73;52;61;0;146;0;0;0;0;0;0;0
48;54;67;44;96;18;0;0;0;0;0;0;48;54;67;44;96;18;0;0;0;0;0;1;1
96;59;94;88;144;88;0;0;0;88;0;88;96;59;94;0;144;0;0;0;0;0;0;0;0
37;71;59;42;111;47;0;0;0;0;0;0;37;71;59;42;111;47;0;0;0;0;0;0;0
69;85;55;29;69;85;69;85;0;0;69;85;0;0;55;29;0;0;0;0;0;1;0;0;1
6;62;26;74;4;186;0;0;0;0;0;0;6;62;26;74;4;186;1;0;1;0;1;0;3
33;30;25;32;11;10;0;0;0;0;0;0;33;30;25;32;11;10;1;1;1;1;1;1;6
42;39;55;49;84;39;0;39;0;0;0;39;42;0;55;49;84;0;0;0;0;0;0;0;0
87;92;66;27;29;92;0;92;0;0;0;92;87;0;66;27;29;0;0;0;0;1;1;0;2
57;65;60;72;38;65;0;65;0;0;0;65;57;0;60;72;38;0;0;0;0;0;0;0;0
78;16;26;21;78;16;78;16;0;0;78;16;0;0;26;21;0;0;0;0;1;1;0;0;2
44;69;53;68;44;46;44;0;0;0;44;0;0;69;53;68;0;46;0;0;0;0;0;0;0
18;62;62;67;27;62;0;62;62;0;0;62;18;0;0;67;27;0;1;0;0;0;1;0;2
76;56;60;71;152;37;0;0;0;0;0;0;76;56;60;71;152;37;0;0;0;0;0;0;0
50;44;69;17;25;132;0;0;0;0;0;0;50;44;69;17;25;132;0;0;0;1;1;0;2
20;27;26;25;40;40;0;0;0;0;40;40;20;27;26;25;0;0;1;1;1;1;0;0;4
58;84;94;69;19;42;0;0;0;0;0;0;58;84;94;69;19;42;0;0;0;0;1;0;1
67;82;21;26;100;41;0;0;0;0;0;0;67;82;21;26;100;41;0;0;1;1;0;0;2
77;46;49;80;115;15;0;0;0;0;0;0;77;46;49;80;115;15;0;0;0;0;0;1;1
52;46;90;86;156;46;0;46;0;0;0;46;52;0;90;86;156;0;0;0;0;0;0;0;0
47;70;39;54;94;105;0;0;0;0;0;0;47;70;39;54;94;105;0;0;0;0;0;0;0
71;13;64;94;71;19;71;0;0;0;71;0;0;13;64;94;0;19;0;1;0;0;0;1;2
57;70;52;51;57;70;57;70;0;0;57;70;0;0;52;51;0;0;0;0;0;0;0;0;0
72;89;75;89;36;89;0;89;0;89;0;89;72;0;75;0;36;0;0;0;0;0;1;0;1
78;57;87;63;78;114;78;0;0;0;78;0;0;57;87;63;0;114;0;0;0;0;0;0;0
47;36;11;87;47;108;47;0;0;0;47;0;0;36;11;87;0;108;0;1;1;0;0;0;2
59;12;16;24;59;8;59;0;0;0;59;0;0;12;16;24;0;8;0;1;1;1;0;1;4
70;14;55;18;23;14;0;14;0;0;0;14;70;0;55;18;23;0;0;0;0;1;1;0;2
58;15;28;36;58;45;58;0;0;0;58;0;0;15;28;36;0;45;0;1;1;1;0;0;3
44;70;43;72;44;105;44;0;0;0;44;0;0;70;43;72;0;105;0;0;0;0;0;0;0
41;33;38;13;82;22;0;0;0;0;0;0;41;33;38;13;82;22;0;1;0;1;0;1;3
15;32;37;35;15;32;15;32;0;0;15;32;0;0;37;35;0;0;0;0;0;1;0;0;1
24;76;69;83;24;76;24;76;0;0;24;76;0;0;69;83;0;0;0;0;0;0;0;0;0
27;27;34;16;27;9;27;27;0;0;27;0;0;0;34;16;0;9;0;0;1;1;0;1;3
61;54;29;41;20;54;0;54;0;0;0;54;61;0;29;41;20;0;0;0;1;0;1;0;2
46;40;36;45;46;13;46;0;0;0;46;0;0;40;36;45;0;13;0;0;1;0;0;1;2
49;40;68;52;147;20;0;0;0;0;0;0;49;40;68;52;147;20;0;0;0;0;0;1;1
78;91;37;51;117;182;0;0;0;0;0;0;78;91;37;51;117;182;0;0;0;0;0;0;0
68;33;41;82;102;33;0;33;0;0;0;33;68;0;41;82;102;0;0;0;0;0;0;0;0
66;57;69;62;33;57;0;57;0;0;0;57;66;0;69;62;33;0;0;0;0;0;1;0;1
55;26;57;24;36;26;0;26;0;0;0;26;55;0;57;24;36;0;0;0;0;1;1;0;2
62;81;38;40;62;40;62;0;0;40;62;40;0;81;38;0;0;0;0;0;0;0;0;0;0
62;92;78;60;62;92;62;92;0;0;62;92;0;0;78;60;0;0;0;0;0;0;0;0;0
18;34;32;34;54;17;0;34;0;34;0;0;18;0;32;0;54;17;1;0;1;0;0;1;3
21;20;23;8;14;10;0;0;0;0;0;0;21;20;23;8;14;10;1;1;1;1;1;1;6
71;39;54;50;213;26;0;0;0;0;0;0;71;39;54;50;213;26;0;0;0;0;0;1;1
17;22;31;18;17;66;17;0;0;0;17;0;0;22;31;18;0;66;0;1;1;1;0;0;3
63;68;49;54;126;34;0;0;0;0;0;0;63;68;49;54;126;34;0;0;0;0;0;1;1
23;44;27;38;11;29;0;0;0;0;0;0;23;44;27;38;11;29;1;0;1;0;1;1;4
42;21;28;29;14;42;42;0;0;0;0;42;0;21;28;29;14;0;0;1;1;1;1;0;4
29;81;87;60;87;81;0;81;87;0;87;81;29;0;0;60;0;0;1;0;0;0;0;0;1
61;50;67;62;122;25;0;0;0;0;0;0;61;50;67;62;122;25;0;0;0;0;0;1;1
5;85;73;64;15;170;0;0;0;0;0;0;5;85;73;64;15;170;1;0;0;0;1;0;2
46;52;68;39;138;52;0;52;0;0;0;52;46;0;68;39;138;0;0;0;0;0;0;0;0
44;58;8;17;22;116;0;0;0;0;0;0;44;58;8;17;22;116;0;0;1;1;1;0;3
56;27;60;41;84;18;0;0;0;0;0;0;56;27;60;41;84;18;0;1;0;0;0;1;2
47;54;85;61;47;27;47;0;0;0;47;0;0;54;85;61;0;27;0;0;0;0;0;1;1
83;27;70;67;83;54;83;0;0;0;83;0;0;27;70;67;0;54;0;1;0;0;0;0;1
18;38;53;41;27;38;0;38;0;0;0;38;18;0;53;41;27;0;1;0;0;0;1;0;2
27;15;15;21;27;5;27;15;15;0;27;0;0;0;0;21;0;5;0;0;0;1;0;1;2
47;61;9;11;70;20;0;0;0;0;0;0;47;61;9;11;70;20;0;0;1;1;0;1;3
70;82;78;67;105;82;0;82;0;0;0;82;70;0;78;67;105;0;0;0;0;0;0;0;0
62;40;49;90;62;80;62;0;0;0;62;0;0;40;49;90;0;80;0;0;0;0;0;0;0
51;58;38;79;76;19;0;0;0;0;0;0;51;58;38;79;76;19;0;0;0;0;0;1;1
96;98;70;32;32;49;0;0;0;32;32;0;96;98;70;0;0;49;0;0;0;0;0;0;0
27;43;46;29;9;64;0;0;0;0;0;0;27;43;46;29;9;64;1;0;0;1;1;0;3
36;45;39;33;24;15;0;0;0;0;0;0;36;45;39;33;24;15;1;0;0;1;1;1;4
38;42;44;34;38;63;38;0;0;0;38;0;0;42;44;34;0;63;0;0;0;1;0;0;1
46;47;21;47;138;15;0;47;0;47;0;0;46;0;21;0;138;15;0;0;1;0;0;1;2
17;13;9;12;8;8;0;0;0;0;8;8;17;13;9;12;0;0;1;1;1;1;0;0;4
54;45;37;55;108;45;0;45;0;0;0;45;54;0;37;55;108;0;0;0;0;0;0;0;0
26;44;45;39;8;132;0;0;0;0;0;0;26;44;45;39;8;132;1;0;0;0;1;0;2
38;70;58;41;114;35;0;0;0;0;0;0;38;70;58;41;114;35;0;0;0;0;0;1;1
55;80;20;83;55;80;55;80;0;0;55;80;0;0;20;83;0;0;0;0;1;0;0;0;1
11;33;40;42;3;33;0;33;0;0;0;33;11;0;40;42;3;0;1;0;0;0;1;0;2
18;15;18;53;27;5;18;0;18;0;0;0;0;15;0;53;27;5;0;1;0;0;1;1;3
17;79;43;21;25;237;0;0;0;0;0;0;17;79;43;21;25;237;1;0;0;1;1;0;3
11;54;28;29;22;108;0;0;0;0;0;0;11;54;28;29;22;108;1;0;1;1;1;0;4
52;65;41;73;104;65;0;65;0;0;0;65;52;0;41;73;104;0;0;0;0;0;0;0;0
69;17;46;69;46;5;69;0;46;69;46;0;0;17;0;0;0;5;0;1;0;0;0;1;2
30;29;15;22;45;43;0;0;0;0;0;0;30;29;15;22;45;43;1;1;1;1;0;0;4
76;48;79;87;228;48;0;48;0;0;0;48;76;0;79;87;228;0;0;0;0;0;0;0;0
21;12;11;47;63;6;0;0;0;0;0;0;21;12;11;47;63;6;1;1;1;0;0;1;4
19;25;25;66;12;37;0;25;25;0;0;0;19;0;0;66;12;37;1;0;0;0;1;0;2
69;71;66;79;69;71;69;71;0;0;69;71;0;0;66;79;0;0;0;0;0;0;0;0;0
42;10;65;5;42;6;42;0;0;0;42;0;0;10;65;5;0;6;0;1;0;1;0;1;3
22;39;31;8;33;78;0;0;0;0;0;0;22;39;31;8;33;78;1;0;1;1;1;0;4
52;22;6;10;78;7;0;0;0;0;0;0;52;22;6;10;78;7;0;1;1;1;0;1;4
55;64;64;34;27;64;0;64;64;0;0;64;55;0;0;34;27;0;0;0;0;1;1;0;2
39;28;43;30;13;28;0;28;0;0;0;28;39;0;43;30;13;0;0;0;0;1;1;0;2
49;5;44;68;49;5;49;5;0;0;49;5;0;0;44;68;0;0;0;0;0;0;0;0;0
82;69;58;75;27;207;0;0;0;0;0;0;82;69;58;75;27;207;0;0;0;0;1;0;1
51;76;56;75;51;114;51;0;0;0;51;0;0;76;56;75;0;114;0;0;0;0;0;0;0
73;69;56;91;219;23;0;0;0;0;0;0;73;69;56;91;219;23;0;0;0;0;0;1;1
57;69;42;46;57;69;57;69;0;0;57;69;0;0;42;46;0;0;0;0;0;0;0;0;0
20;37;49;24;6;37;0;37;0;0;0;37;20;0;49;24;6;0;1;0;0;1;1;0;3
75;93;87;86;50;93;0;93;0;0;0;93;75;0;87;86;50;0;0;0;0;0;0;0;0
74;1;77;96;49;1;0;1;0;0;0;1;74;0;77;96;49;0;0;0;0;0;0;0;0
18;25;21;27;18;8;18;0;0;0;18;0;0;25;21;27;0;8;0;1;1;1;0;1;4
67;56;62;68;67;28;67;0;0;0;67;0;0;56;62;68;0;28;0;0;0;0;0;1;1
57;37;30;35;57;37;57;37;0;0;57;37;0;0;30;35;0;0;0;0;1;1;0;0;2
43;65;83;85;14;65;0;65;0;0;0;65;43;0;83;85;14;0;0;0;0;0;1;0;1
44;31;57;81;29;93;0;0;0;0;0;0;44;31;57;81;29;93;0;1;0;0;1;0;2
32;46;26;49;32;46;32;46;0;0;32;46;0;0;26;49;0;0;0;0;1;0;0;0;1
67;69;43;34;67;138;67;0;0;0;67;0;0;69;43;34;0;138;0;0;0;1;0;0;1
90;69;58;43;180;46;0;0;0;0;0;0;90;69;58;43;180;46;0;0;0;0;0;0;0
94;76;34;46;188;25;0;0;0;0;0;0;94;76;34;46;188;25;0;0;1;0;0;1;2
19;36;17;14;19;36;19;36;0;0;19;36;0;0;17;14;0;0;0;0;1;1;0;0;2
30;48;72;76;30;32;30;0;0;0;30;0;0;48;72;76;0;32;0;0;0;0;0;1;1
57;48;47;70;28;48;0;48;0;0;0;48;57;0;47;70;28;0;0;0;0;0;1;0;1
50;55;38;40;150;18;0;0;0;0;0;0;50;55;38;40;150;18;0;0;0;0;0;1;1
13;85;78;52;13;127;13;0;0;0;13;0;0;85;78;52;0;127;0;0;0;0;0;0;0
19;39;14;13;19;13;19;0;0;13;19;13;0;39;14;0;0;0;0;0;1;0;0;0;1
17;16;26;19;17;10;17;0;0;0;17;0;0;16;26;19;0;10;0;1;1;1;0;1;4
32;25;39;42;96;16;0;0;0;0;0;0;32;25;39;42;96;16;1;1;0;0;0;1;3
31;29;13;25;31;29;31;29;0;0;31;29;0;0;13;25;0;0;0;0;1;1;0;0;2
62;50;50;25;62;75;62;50;50;0;62;0;0;0;0;25;0;75;0;0;0;1;0;0;1
60;63;13;59;60;63;60;63;0;0;60;63;0;0;13;59;0;0;0;0;1;0;0;0;1
74;22;50;11;222;14;0;0;0;0;0;0;74;22;50;11;222;14;0;1;0;1;0;1;3
20;21;27;80;40;42;0;0;0;0;0;0;20;21;27;80;40;42;1;1;1;0;0;0;3
37;50;23;43;24;50;0;50;0;0;0;50;37;0;23;43;24;0;0;0;1;0;1;0;2
52;50;54;44;52;50;52;50;0;0;52;50;0;0;54;44;0;0;0;0;0;0;0;0;0
30;59;44;29;45;39;0;0;0;0;0;0;30;59;44;29;45;39;1;0;0;1;0;0;2
38;30;31;38;76;30;38;30;0;38;0;30;0;0;31;0;76;0;0;0;1;0;0;0;1
17;72;57;78;17;144;17;0;0;0;17;0;0;72;57;78;0;144;0;0;0;0;0;0;0
58;9;25;19;87;27;0;0;0;0;0;0;58;9;25;19;87;27;0;1;1;1;0;1;4
81;56;70;54;54;168;0;0;0;54;54;0;81;56;70;0;0;168;0;0;0;0;0;0;0
36;44;66;65;18;29;0;0;0;0;0;0;36;44;66;65;18;29;1;0;0;0;1;1;3
22;12;1;3;22;4;22;0;0;0;22;0;0;12;1;3;0;4;0;1;1;1;0;1;4
21;12;23;10;21;12;21;12;0;0;21;12;0;0;23;10;0;0;0;0;1;1;0;0;2
23;19;76;13;34;12;0;0;0;0;0;0;23;19;76;13;34;12;1;1;0;1;1;1;5
64;11;50;82;64;11;64;11;0;0;64;11;0;0;50;82;0;0;0;0;0;0;0;0;0
53;68;48;94;35;45;0;0;0;0;0;0;53;68;48;94;35;45;0;0;0;0;1;0;1
74;34;65;70;222;102;0;0;0;0;0;0;74;34;65;70;222;102;0;1;0;0;0;0;1
22;58;65;58;14;58;0;58;0;58;0;58;22;0;65;0;14;0;1;0;0;0;1;0;2
66;61;62;31;198;61;0;61;0;0;0;61;66;0;62;31;198;0;0;0;0;1;0;0;1
40;15;18;34;20;15;0;15;0;0;0;15;40;0;18;34;20;0;0;0;1;1;1;0;3
70;78;74;93;70;234;70;0;0;0;70;0;0;78;74;93;0;234;0;0;0;0;0;0;0
28;40;52;48;9;13;0;0;0;0;0;0;28;40;52;48;9;13;1;0;0;0;1;1;3
49;56;88;44;24;56;0;56;0;0;0;56;49;0;88;44;24;0;0;0;0;0;1;0;1
25;15;19;27;37;45;0;0;0;0;0;0;25;15;19;27;37;45;1;1;1;1;0;0;4
23;45;50;4;46;15;0;0;0;0;0;0;23;45;50;4;46;15;1;0;0;1;0;1;3
41;26;39;29;61;26;0;26;0;0;0;26;41;0;39;29;61;0;0;0;0;1;0;0;1
56;77;71;40;18;77;0;77;0;0;0;77;56;0;71;40;18;0;0;0;0;0;1;0;1
71;58;42;59;35;174;0;0;0;0;0;0;71;58;42;59;35;174;0;0;0;0;1;0;1
66;24;18;51;22;12;0;0;0;0;0;0;66;24;18;51;22;12;0;1;1;0;1;1;4
25;12;17;17;50;6;0;0;17;17;0;0;25;12;0;0;50;6;1;1;0;0;0;1;3
32;27;24;72;32;13;32;0;0;0;32;0;0;27;24;72;0;13;0;1;1;0;0;1;3
25;48;51;36;25;96;25;0;0;0;25;0;0;48;51;36;0;96;0;0;0;1;0;0;1
44;41;20;46;88;41;0;41;0;0;0;41;44;0;20;46;88;0;0;0;1;0;0;0;1
55;13;75;79;18;6;0;0;0;0;0;0;55;13;75;79;18;6;0;1;0;0;1;1;3
52;30;41;65;78;45;0;0;0;0;0;0;52;30;41;65;78;45;0;1;0;0;0;0;1
63;40;99;36;63;40;63;40;0;0;63;40;0;0;99;36;0;0;0;0;0;1;0;0;1
63;64;40;52;42;42;0;0;0;0;42;42;63;64;40;52;0;0;0;0;0;0;0;0;0
60;78;31;44;90;78;0;78;0;0;0;78;60;0;31;44;90;0;0;0;1;0;0;0;1
80;48;78;76;80;32;80;0;0;0;80;0;0;48;78;76;0;32;0;0;0;0;0;1;1
41;39;24;14;41;39;41;39;0;0;41;39;0;0;24;14;0;0;0;0;1;1;0;0;2
91;30;71;39;182;30;0;30;0;0;0;30;91;0;71;39;182;0;0;0;0;0;0;0;0
26;34;31;45;26;11;26;0;0;0;26;0;0;34;31;45;0;11;0;1;1;0;0;1;3
40;69;45;67;40;69;40;69;0;0;40;69;0;0;45;67;0;0;0;0;0;0;0;0;0
83;40;52;72;249;60;0;0;0;0;0;0;83;40;52;72;249;60;0;0;0;0;0;0;0
47;74;29;20;47;74;47;74;0;0;47;74;0;0;29;20;0;0;0;0;1;1;0;0;2
32;39;41;33;64;39;0;39;0;0;0;39;32;0;41;33;64;0;1;0;0;1;0;0;2
24;30;61;19;16;10;0;0;0;0;0;0;24;30;61;19;16;10;1;1;0;1;1;1;5
28;23;5;71;18;23;0;23;0;0;0;23;28;0;5;71;18;0;1;0;1;0;1;0;3
32;37;63;64;32;37;32;37;0;0;32;37;0;0;63;64;0;0;0;0;0;0;0;0;0
64;69;56;57;32;69;0;69;0;0;0;69;64;0;56;57;32;0;0;0;0;0;1;0;1
37;68;66;45;37;34;37;0;0;0;37;0;0;68;66;45;0;34;0;0;0;0;0;1;1
22;40;34;32;22;80;22;0;0;0;22;0;0;40;34;32;0;80;0;0;1;1;0;0;2
16;22;30;23;24;22;0;22;0;0;0;22;16;0;30;23;24;0;1;0;1;1;1;0;4
37;48;28;33;74;48;0;48;0;0;0;48;37;0;28;33;74;0;0;0;1;1;0;0;2
71;49;60;66;23;147;0;0;0;0;0;0;71;49;60;66;23;147;0;0;0;0;1;0;1
53;31;17;19;53;15;53;0;0;0;53;0;0;31;17;19;0;15;0;1;1;1;0;1;4
20;22;70;78;13;14;0;0;0;0;0;0;20;22;70;78;13;14;1;1;0;0;1;1;4
40;60;42;85;13;180;0;0;0;0;0;0;40;60;42;85;13;180;0;0;0;0;1;0;1
9;30;32;37;27;45;0;0;0;0;0;0;9;30;32;37;27;45;1;1;1;0;1;0;4
43;34;41;22;129;102;0;0;0;0;0;0;43;34;41;22;129;102;0;1;0;1;0;0;2
53;88;83;86;53;58;53;0;0;0;53;0;0;88;83;86;0;58;0;0;0;0;0;0;0
29;23;84;93;29;23;29;23;0;0;29;23;0;0;84;93;0;0;0;0;0;0;0;0;0
48;37;65;48;96;55;48;0;0;48;0;0;0;37;65;0;96;55;0;0;0;0;0;0;0
41;64;77;25;20;32;0;0;0;0;0;0;41;64;77;25;20;32;0;0;0;1;1;1;3
25;19;35;53;50;19;0;19;0;0;0;19;25;0;35;53;50;0;1;0;1;0;0;0;2
36;15;50;49;24;22;0;0;0;0;0;0;36;15;50;49;24;22;1;1;0;0;1;1;4
47;72;67;59;47;72;47;72;0;0;47;72;0;0;67;59;0;0;0;0;0;0;0;0;0
65;65;29;48;97;21;65;65;0;0;0;0;0;0;29;48;97;21;0;0;1;0;0;1;2
93;33;24;26;279;49;0;0;0;0;0;0;93;33;24;26;279;49;0;1;1;1;0;0;3
29;90;40;38;29;135;29;0;0;0;29;0;0;90;40;38;0;135;0;0;0;0;0;0;0
32;39;37;51;10;39;0;39;0;0;0;39;32;0;37;51;10;0;1;0;0;0;1;0;2
28;38;19;37;14;114;0;0;0;0;0;0;28;38;19;37;14;114;1;0;1;0;1;0;3
46;13;57;15;92;26;0;0;0;0;0;0;46;13;57;15;92;26;0;1;0;1;0;1;3
44;38;38;69;66;38;0;38;38;0;0;38;44;0;0;69;66;0;0;0;0;0;0;0;0
7;6;45;53;7;18;7;0;0;0;7;0;0;6;45;53;0;18;0;1;0;0;0;1;2
30;18;17;20;15;27;0;0;0;0;0;0;30;18;17;20;15;27;1;1;1;1;1;1;6
41;78;39;65;20;78;0;78;0;0;0;78;41;0;39;65;20;0;0;0;0;0;1;0;1
48;28;50;21;144;84;0;0;0;0;0;0;48;28;50;21;144;84;0;1;0;1;0;0;2
40;51;72;37;60;51;0;51;0;0;0;51;40;0;72;37;60;0;0;0;0;0;0;0;0
42;35;55;12;42;35;42;35;0;0;42;35;0;0;55;12;0;0;0;0;0;1;0;0;1
29;44;71;76;9;88;0;0;0;0;0;0;29;44;71;76;9;88;1;0;0;0;1;0;2
19;22;79;62;9;7;0;0;0;0;0;0;19;22;79;62;9;7;1;1;0;0;1;1;4
46;83;63;52;46;27;46;0;0;0;46;0;0;83;63;52;0;27;0;0;0;0;0;1;1
30;46;19;79;30;30;30;0;0;0;30;30;0;46;19;79;0;0;0;0;1;0;0;0;1
12;25;10;29;12;37;12;0;0;0;12;0;0;25;10;29;0;37;0;1;1;1;0;0;3
62;44;61;39;62;44;62;44;0;0;62;44;0;0;61;39;0;0;0;0;0;0;0;0;0
69;51;8;25;138;51;0;51;0;0;0;51;69;0;8;25;138;0;0;0;1;1;0;0;2
63;79;21;37;21;237;0;0;21;0;21;0;63;79;0;37;0;237;0;0;0;0;0;0;0
37;74;84;42;37;148;37;0;0;0;37;0;0;74;84;42;0;148;0;0;0;0;0;0;0
41;55;32;49;61;55;0;55;0;0;0;55;41;0;32;49;61;0;0;0;1;0;0;0;1
39;81;50;53;39;81;39;81;0;0;39;81;0;0;50;53;0;0;0;0;0;0;0;0;0
67;62;83;93;201;62;0;62;0;0;0;62;67;0;83;93;201;0;0;0;0;0;0;0;0
9;86;33;54;13;86;0;86;0;0;0;86;9;0;33;54;13;0;1;0;1;0;1;0;3
51;58;50;68;102;87;0;0;0;0;0;0;51;58;50;68;102;87;0;0;0;0;0;0;0
37;46;23;11;37;30;37;0;0;0;37;0;0;46;23;11;0;30;0;0;1;1;0;1;3
42;74;74;42;84;111;42;74;74;42;0;0;0;0;0;0;84;111;0;0;0;0;0;0;0
45;5;4;64;45;5;45;5;0;0;45;5;0;0;4;64;0;0;0;0;1;0;0;0;1
66;41;67;18;66;82;66;0;0;0;66;0;0;41;67;18;0;82;0;0;0;1;0;0;1
50;99;39;94;16;99;0;99;0;0;0;99;50;0;39;94;16;0;0;0;0;0;1;0;1
58;45;68;85;29;45;0;45;0;0;0;45;58;0;68;85;29;0;0;0;0;0;1;0;1
70;68;42;62;105;136;0;0;0;0;0;0;70;68;42;62;105;136;0;0;0;0;0;0;0
94;78;97;100;47;78;0;78;0;0;0;78;94;0;97;100;47;0;0;0;0;0;0;0;0
12;56;36;40;36;168;0;0;36;0;36;0;12;56;0;40;0;168;1;0;0;0;0;0;1
43;40;54;27;43;13;43;0;0;0;43;0;0;40;54;27;0;13;0;0;0;1;0;1;2
52;75;54;28;78;150;0;0;0;0;0;0;52;75;54;28;78;150;0;0;0;1;0;0;1
47;83;74;56;15;27;0;0;0;0;0;0;47;83;74;56;15;27;0;0;0;0;1;1;2
30;29;33;15;30;9;30;0;0;0;30;0;0;29;33;15;0;9;0;1;1;1;0;1;4
84;78;17;84;84;78;84;78;0;84;84;78;0;0;17;0;0;0;0;0;1;0;0;0;1
49;56;88;45;147;18;0;0;0;0;0;0;49;56;88;45;147;18;0;0;0;0;0;1;1
60;71;51;48;120;142;0;0;0;0;0;0;60;71;51;48;120;142;0;0;0;0;0;0;0
34;31;27;39;34;10;34;0;0;0;34;0;0;31;27;39;0;10;0;1;1;0;0;1;3
53;29;30;74;17;9;0;0;0;0;0;0;53;29;30;74;17;9;0;1;1;0;1;1;4
78;23;4;17;234;46;0;0;0;0;0;0;78;23;4;17;234;46;0;1;1;1;0;0;3
37;37;47;27;37;12;37;37;0;0;37;0;0;0;47;27;0;12;0;0;0;1;0;1;2
35;46;20;57;105;30;0;0;0;0;0;0;35;46;20;57;105;30;1;0;1;0;0;1;3
31;52;78;83;31;52;31;52;0;0;31;52;0;0;78;83;0;0;0;0;0;0;0;0;0
35;54;33;32;70;54;0;54;0;0;0;54;35;0;33;32;70;0;1;0;1;1;0;0;3
27;40;80;32;27;60;27;0;0;0;27;0;0;40;80;32;0;60;0;0;0;1;0;0;1
43;17;53;49;43;5;43;0;0;0;43;0;0;17;53;49;0;5;0;1;0;0;0;1;2
51;48;21;22;17;16;0;0;0;0;0;0;51;48;21;22;17;16;0;0;1;1;1;1;4
71;12;30;79;71;4;71;0;0;0;71;0;0;12;30;79;0;4;0;1;1;0;0;1;3
22;39;65;66;66;117;0;0;0;66;66;0;22;39;65;0;0;117;1;0;0;0;0;0;1
44;12;86;63;44;36;44;0;0;0;44;0;0;12;86;63;0;36;0;1;0;0;0;1;2
39;75;21;30;58;50;0;0;0;0;0;0;39;75;21;30;58;50;0;0;1;1;0;0;2
85;57;75;65;85;28;85;0;0;0;85;0;0;57;75;65;0;28;0;0;0;0;0;1;1
40;59;60;37;20;39;0;0;0;0;0;0;40;59;60;37;20;39;0;0;0;0;1;0;1
36;77;61;28;12;77;0;77;0;0;0;77;36;0;61;28;12;0;1;0;0;1;1;0;3
6;32;93;45;6;10;6;0;0;0;6;0;0;32;93;45;0;10;0;1;0;0;0;1;2
30;36;92;29;60;54;0;0;0;0;0;0;30;36;92;29;60;54;1;1;0;1;0;0;3
19;70;91;31;6;140;0;0;0;0;0;0;19;70;91;31;6;140;1;0;0;1;1;0;3
34;44;81;36;17;44;0;44;0;0;0;44;34;0;81;36;17;0;1;0;0;1;1;0;3
36;70;49;67;18;23;0;0;0;0;0;0;36;70;49;67;18;23;1;0;0;0;1;1;3
64;45;34;68;192;90;0;0;0;0;0;0;64;45;34;68;192;90;0;0;1;0;0;0;1
70;73;84;69;70;219;70;0;0;0;70;0;0;73;84;69;0;219;0;0;0;0;0;0;0
51;56;51;44;153;56;51;56;51;0;0;56;0;0;0;44;153;0;0;0;0;0;0;0;0
60;79;100;84;40;118;0;0;0;0;0;0;60;79;100;84;40;118;0;0;0;0;0;0;0
76;84;67;83;152;28;0;0;0;0;0;0;76;84;67;83;152;28;0;0;0;0;0;1;1
46;66;47;46;138;198;46;0;0;46;0;0;0;66;47;0;138;198;0;0;0;0;0;0;0
5;23;37;18;5;69;5;0;0;0;5;0;0;23;37;18;0;69;0;1;0;1;0;0;2
57;67;57;83;19;33;57;0;57;0;0;0;0;67;0;83;19;33;0;0;0;0;1;1;2
33;76;84;29;49;152;0;0;0;0;0;0;33;76;84;29;49;152;1;0;0;1;0;0;2
17;28;11;51;11;9;0;0;11;0;11;0;17;28;0;51;0;9;1;1;0;0;0;1;3
65;34;72;36;195;34;0;34;0;0;0;34;65;0;72;36;195;0;0;0;0;1;0;0;1
59;19;83;78;59;38;59;0;0;0;59;0;0;19;83;78;0;38;0;1;0;0;0;0;1
46;47;42;32;46;94;46;0;0;0;46;0;0;47;42;32;0;94;0;0;0;1;0;0;1
10;36;10;13;10;24;10;0;10;0;10;0;0;36;0;13;0;24;0;1;0;1;0;1;3
60;65;57;45;30;195;0;0;0;0;0;0;60;65;57;45;30;195;0;0;0;0;1;0;1
20;35;26;29;6;23;0;0;0;0;0;0;20;35;26;29;6;23;1;1;1;1;1;1;6
78;84;55;58;117;42;0;0;0;0;0;0;78;84;55;58;117;42;0;0;0;0;0;0;0
81;62;80;90;162;20;0;0;0;0;0;0;81;62;80;90;162;20;0;0;0;0;0;1;1
73;73;53;39;48;24;73;73;0;0;0;0;0;0;53;39;48;24;0;0;0;0;0;1;1
42;37;76;40;42;111;42;0;0;0;42;0;0;37;76;40;0;111;0;0;0;0;0;0;0
63;55;38;20;63;55;63;55;0;0;63;55;0;0;38;20;0;0;0;0;0;1;0;0;1
65;31;65;57;65;20;65;0;65;0;65;0;0;31;0;57;0;20;0;1;0;0;0;1;2
82;42;71;65;27;63;0;0;0;0;0;0;82;42;71;65;27;63;0;0;0;0;1;0;1
47;8;32;56;15;4;0;0;0;0;0;0;47;8;32;56;15;4;0;1;1;0;1;1;4
44;41;49;52;88;41;0;41;0;0;0;41;44;0;49;52;88;0;0;0;0;0;0;0;0
37;12;7;5;37;18;37;0;0;0;37;0;0;12;7;5;0;18;0;1;1;1;0;1;4
70;60;26;21;46;30;0;0;0;0;0;0;70;60;26;21;46;30;0;0;1;1;0;1;3
65;80;86;78;65;120;65;0;0;0;65;0;0;80;86;78;0;120;0;0;0;0;0;0;0
69;36;72;46;69;36;69;36;0;0;69;36;0;0;72;46;0;0;0;0;0;0;0;0;0
30;17;35;50;60;5;0;0;0;0;0;0;30;17;35;50;60;5;1;1;1;0;0;1;4
15;25;48;78;10;16;0;0;0;0;0;0;15;25;48;78;10;16;1;1;0;0;1;1;4
51;86;58;74;17;172;0;0;0;0;0;0;51;86;58;74;17;172;0;0;0;0;1;0;1
46;26;11;14;30;39;0;0;0;0;0;0;46;26;11;14;30;39;0;1;1;1;1;0;4
83;25;23;48;41;75;0;0;0;0;0;0;83;25;23;48;41;75;0;1;1;0;0;0;2
29;35;35;29;14;11;29;35;35;29;0;0;0;0;0;0;14;11;0;0;0;0;1;1;2
22;53;45;34;11;159;0;0;0;0;0;0;22;53;45;34;11;159;1;0;0;1;1;0;3
27;55;77;61;13;18;0;0;0;0;0;0;27;55;77;61;13;18;1;0;0;0;1;1;3
52;17;67;67;104;8;0;0;67;67;0;0;52;17;0;0;104;8;0;1;0;0;0;1;2
34;73;51;28;102;24;0;0;0;0;0;0;34;73;51;28;102;24;1;0;0;1;0;1;3
29;51;30;43;43;76;0;0;0;43;43;0;29;51;30;0;0;76;1;0;1;0;0;0;2
39;28;36;62;39;84;39;0;0;0;39;0;0;28;36;62;0;84;0;1;1;0;0;0;2
72;95;83;20;72;142;72;0;0;0;72;0;0;95;83;20;0;142;0;0;0;1;0;0;1
44;76;84;71;29;25;0;0;0;0;0;0;44;76;84;71;29;25;0;0;0;0;1;1;2
52;56;46;55;52;168;52;0;0;0;52;0;0;56;46;55;0;168;0;0;0;0;0;0;0
55;82;66;52;82;82;0;82;0;0;82;82;55;0;66;52;0;0;0;0;0;0;0;0;0
28;22;41;34;28;22;28;22;0;0;28;22;0;0;41;34;0;0;0;0;0;1;0;0;1
51;50;46;58;51;50;51;50;0;0;51;50;0;0;46;58;0;0;0;0;0;0;0;0;0
13;34;22;43;8;51;0;0;0;0;0;0;13;34;22;43;8;51;1;1;1;0;1;0;4
51;52;62;61;25;104;0;0;0;0;0;0;51;52;62;61;25;104;0;0;0;0;1;0;1
49;63;20;67;98;126;0;0;0;0;0;0;49;63;20;67;98;126;0;0;1;0;0;0;1
37;29;45;19;55;29;0;29;0;0;0;29;37;0;45;19;55;0;0;0;0;1;0;0;1
12;40;27;63;6;20;0;0;0;0;0;0;12;40;27;63;6;20;1;0;1;0;1;1;4
64;34;31;53;21;22;0;0;0;0;0;0;64;34;31;53;21;22;0;1;1;0;1;1;4
27;36;35;36;54;108;0;36;0;36;0;0;27;0;35;0;54;108;1;0;1;0;0;0;2
45;42;48;37;45;63;45;0;0;0;45;0;0;42;48;37;0;63;0;0;0;0;0;0;0
75;83;44;70;75;55;75;0;0;0;75;0;0;83;44;70;0;55;0;0;0;0;0;0;0
55;31;76;39;165;31;0;31;0;0;0;31;55;0;76;39;165;0;0;0;0;0;0;0;0
19;36;43;7;12;72;0;0;0;0;0;0;19;36;43;7;12;72;1;1;0;1;1;0;4
4;43;39;24;2;86;0;0;0;0;0;0;4;43;39;24;2;86;1;0;0;1;1;0;3
31;21;48;8;62;42;0;0;0;0;0;0;31;21;48;8;62;42;1;1;0;1;0;0;3
32;48;84;84;21;48;0;48;84;84;0;48;32;0;0;0;21;0;1;0;0;0;1;0;2
30;3;23;13;20;2;0;0;0;0;0;0;30;3;23;13;20;2;1;1;1;1;1;1;6
37;77;61;91;18;38;0;0;0;0;0;0;37;77;61;91;18;38;0;0;0;0;1;0;1
60;49;34;74;60;49;60;49;0;0;60;49;0;0;34;74;0;0;0;0;1;0;0;0;1
46;49;51;51;23;49;0;49;51;51;0;49;46;0;0;0;23;0;0;0;0;0;1;0;1
10;35;36;26;20;70;0;0;0;0;0;0;10;35;36;26;20;70;1;1;1;1;1;0;5
24;86;52;64;16;28;0;0;0;0;0;0;24;86;52;64;16;28;1;0;0;0;1;1;3
30;19;21;21;30;38;30;0;21;21;30;0;0;19;0;0;0;38;0;1;0;0;0;0;1
33;18;53;36;16;54;0;0;0;0;0;0;33;18;53;36;16;54;1;1;0;1;1;0;4
33;35;48;37;33;35;33;35;0;0;33;35;0;0;48;37;0;0;0;0;0;0;0;0;0
61;44;67;71;61;44;61;44;0;0;61;44;0;0;67;71;0;0;0;0;0;0;0;0;0
83;51;18;56;124;51;0;51;0;0;0;51;83;0;18;56;124;0;0;0;1;0;0;0;1
20;9;9;51;40;27;0;9;9;0;0;0;20;0;0;51;40;27;1;0;0;0;0;1;2
64;49;93;35;32;49;0;49;0;0;0;49;64;0;93;35;32;0;0;0;0;1;1;0;2
50;59;61;29;150;39;0;0;0;0;0;0;50;59;61;29;150;39;0;0;0;1;0;0;1
79;22;66;7;118;14;0;0;0;0;0;0;79;22;66;7;118;14;0;1;0;1;0;1;3
61;30;24;27;122;90;0;0;0;0;0;0;61;30;24;27;122;90;0;1;1;1;0;0;3
19;91;75;24;19;60;19;0;0;0;19;0;0;91;75;24;0;60;0;0;0;1;0;0;1
32;42;44;48;48;84;0;0;0;48;48;0;32;42;44;0;0;84;1;0;0;0;0;0;1
36;39;59;39;72;13;0;39;0;39;0;0;36;0;59;0;72;13;1;0;0;0;0;1;2
46;32;28;35;23;48;0;0;0;0;0;0;46;32;28;35;23;48;0;1;1;1;1;0;4
85;55;57;13;85;36;85;0;0;0;85;0;0;55;57;13;0;36;0;0;0;1;0;1;2
58;62;76;39;58;62;58;62;0;0;58;62;0;0;76;39;0;0;0;0;0;0;0;0;0
54;46;52;51;162;69;0;0;0;0;0;0;54;46;52;51;162;69;0;0;0;0;0;0;0
32;29;64;85;64;29;0;29;64;0;64;29;32;0;0;85;0;0;1;0;0;0;0;0;1
56;53;25;68;56;79;56;0;0;0;56;0;0;53;25;68;0;79;0;0;1;0;0;0;1
17;38;39;24;8;57;0;0;0;0;0;0;17;38;39;24;8;57;1;0;0;1;1;0;3
30;21;27;31;45;10;0;0;0;0;0;0;30;21;27;31;45;10;1;1;1;1;0;1;5
45;63;71;56;67;42;0;0;0;0;0;0;45;63;71;56;67;42;0;0;0;0;0;0;0
31;33;88;64;31;33;31;33;0;0;31;33;0;0;88;64;0;0;0;0;0;0;0;0;0
54;84;52;80;81;84;0;84;0;0;0;84;54;0;52;80;81;0;0;0;0;0;0;0;0
84;80;64;30;84;80;84;80;0;0;84;80;0;0;64;30;0;0;0;0;0;1;0;0;1
2;78;73;77;2;78;2;78;0;0;2;78;0;0;73;77;0;0;0;0;0;0;0;0;0
27;48;25;55;81;48;0;48;0;0;0;48;27;0;25;55;81;0;1;0;1;0;0;0;2
64;31;87;64;192;31;64;31;0;64;0;31;0;0;87;0;192;0;0;0;0;0;0;0;0
31;80;57;64;10;53;0;0;0;0;0;0;31;80;57;64;10;53;1;0;0;0;1;0;2
29;42;75;9;9;84;0;0;0;9;9;0;29;42;75;0;0;84;1;0;0;0;0;0;1
6;7;23;21;6;7;6;7;0;0;6;7;0;0;23;21;0;0;0;0;1;1;0;0;2
38;16;36;35;114;10;0;0;0;0;0;0;38;16;36;35;114;10;0;1;1;1;0;1;4
54;47;19;29;162;15;0;0;0;0;0;0;54;47;19;29;162;15;0;0;1;1;0;1;3
82;52;15;67;164;52;0;52;0;0;0;52;82;0;15;67;164;0;0;0;1;0;0;0;1
46;60;38;41;46;120;46;0;0;0;46;0;0;60;38;41;0;120;0;0;0;0;0;0;0
16;12;47;4;10;24;0;0;0;0;0;0;16;12;47;4;10;24;1;1;0;1;1;1;5
95;33;56;38;95;49;95;0;0;0;95;0;0;33;56;38;0;49;0;1;0;0;0;0;1
38;40;39;47;12;20;0;0;0;0;0;0;38;40;39;47;12;20;0;0;0;0;1;1;2
48;23;62;37;48;69;48;0;0;0;48;0;0;23;62;37;0;69;0;1;0;0;0;0;1
28;61;9;38;14;61;0;61;0;0;0;61;28;0;9;38;14;0;1;0;1;0;1;0;3
33;56;16;82;33;168;33;0;0;0;33;0;0;56;16;82;0;168;0;0;1;0;0;0;1
54;33;18;12;18;22;0;0;18;0;18;0;54;33;0;12;0;22;0;1;0;1;0;1;3
43;86;48;18;14;129;0;0;0;0;0;0;43;86;48;18;14;129;0;0;0;1;1;0;2
40;32;44;60;40;21;40;0;0;0;40;0;0;32;44;60;0;21;0;1;0;0;0;1;2
55;56;90;9;36;56;0;56;0;0;0;56;55;0;90;9;36;0;0;0;0;1;1;0;2
35;31;38;35;70;62;35;0;0;35;0;0;0;31;38;0;70;62;0;1;0;0;0;0;1
12;16;32;19;36;16;0;16;0;0;0;16;12;0;32;19;36;0;1;0;1;1;1;0;4
12;82;15;91;12;164;12;0;0;0;12;0;0;82;15;91;0;164;0;0;1;0;0;0;1
48;42;55;53;48;42;48;42;0;0;48;42;0;0;55;53;0;0;0;0;0;0;0;0;0
85;62;42;61;85;124;85;0;0;0;85;0;0;62;42;61;0;124;0;0;0;0;0;0;0
71;78;60;27;35;26;0;0;0;0;0;0;71;78;60;27;35;26;0;0;0;1;1;1;3
59;69;61;54;118;23;0;0;0;0;0;0;59;69;61;54;118;23;0;0;0;0;0;1;1
48;38;21;18;48;38;48;38;0;0;48;38;0;0;21;18;0;0;0;0;1;1;0;0;2
22;34;33;28;44;34;0;34;0;0;0;34;22;0;33;28;44;0;1;0;1;1;0;0;3
26;29;15;13;26;14;26;0;0;0;26;0;0;29;15;13;0;14;0;1;1;1;0;1;4
20;12;23;21;20;12;20;12;0;0;20;12;0;0;23;21;0;0;0;0;1;1;0;0;2
73;80;94;88;73;80;73;80;0;0;73;80;0;0;94;88;0;0;0;0;0;0;0;0;0
71;28;99;37;71;9;71;0;0;0;71;0;0;28;99;37;0;9;0;1;0;0;0;1;2
26;85;54;79;78;85;0;85;0;0;0;85;26;0;54;79;78;0;1;0;0;0;0;0;1
65;25;30;83;97;25;0;25;0;0;0;25;65;0;30;83;97;0;0;0;1;0;0;0;1
53;18;23;32;79;27;0;0;0;0;0;0;53;18;23;32;79;27;0;1;1;1;0;1;4
47;51;48;64;47;25;47;0;0;0;47;0;0;51;48;64;0;25;0;0;0;0;0;1;1
46;49;28;70;46;49;46;49;0;0;46;49;0;0;28;70;0;0;0;0;1;0;0;0;1
51;48;80;74;102;144;0;0;0;0;0;0;51;48;80;74;102;144;0;0;0;0;0;0;0
50;48;20;42;75;16;0;0;0;0;0;0;50;48;20;42;75;16;0;0;1;0;0;1;2
25;26;25;48;25;8;25;0;25;0;25;0;0;26;0;48;0;8;0;1;0;0;0;1;2
48;76;59;82;16;76;0;76;0;0;0;76;48;0;59;82;16;0;0;0;0;0;1;0;1
29;46;50;48;19;30;0;0;0;0;0;0;29;46;50;48;19;30;1;0;0;0;1;1;3
40;56;56;43;40;112;40;56;56;0;40;0;0;0;0;43;0;112;0;0;0;0;0;0;0
28;52;44;45;84;26;0;0;0;0;0;0;28;52;44;45;84;26;1;0;0;0;0;1;2
28;19;28;26;84;19;28;19;28;0;0;19;0;0;0;26;84;0;0;0;0;1;0;0;1
85;23;8;16;85;11;85;0;0;0;85;0;0;23;8;16;0;11;0;1;1;1;0;1;4
41;63;68;32;13;63;0;63;0;0;0;63;41;0;68;32;13;0;0;0;0;1;1;0;2
23;36;6;23;34;12;23;0;0;23;0;0;0;36;6;0;34;12;0;1;1;0;1;1;4
72;68;81;77;216;204;0;0;0;0;0;0;72;68;81;77;216;204;0;0;0;0;0;0;0
31;37;3;69;15;18;0;0;0;0;0;0;31;37;3;69;15;18;1;0;1;0;1;1;4
50;37;61;73;50;55;50;0;0;0;50;0;0;37;61;73;0;55;0;0;0;0;0;0;0
75;12;48;77;75;12;75;12;0;0;75;12;0;0;48;77;0;0;0;0;0;0;0;0;0
42;25;39;22;84;37;0;0;0;0;0;0;42;25;39;22;84;37;0;1;0;1;0;0;2
31;26;34;76;20;39;0;0;0;0;0;0;31;26;34;76;20;39;1;1;1;0;1;0;4
11;50;66;10;11;50;11;50;0;0;11;50;0;0;66;10;0;0;0;0;0;1;0;0;1
57;53;75;65;85;159;0;0;0;0;0;0;57;53;75;65;85;159;0;0;0;0;0;0;0
44;80;54;49;44;240;44;0;0;0;44;0;0;80;54;49;0;240;0;0;0;0;0;0;0
41;58;13;7;27;58;0;58;0;0;0;58;41;0;13;7;27;0;0;0;1;1;1;0;3
22;18;51;47;22;18;22;18;0;0;22;18;0;0;51;47;0;0;0;0;0;0;0;0;0
34;48;36;33;68;48;0;48;0;0;0;48;34;0;36;33;68;0;1;0;1;1;0;0;3
41;49;38;71;123;49;0;49;0;0;0;49;41;0;38;71;123;0;0;0;0;0;0;0;0
41;46;32;31;41;92;41;0;0;0;41;0;0;46;32;31;0;92;0;0;1;1;0;0;2
44;27;56;50;88;27;0;27;0;0;0;27;44;0;56;50;88;0;0;0;0;0;0;0;0
46;42;55;56;138;14;0;0;0;0;0;0;46;42;55;56;138;14;0;0;0;0;0;1;1
36;48;44;37;36;16;36;0;0;0;36;0;0;48;44;37;0;16;0;0;0;0;0;1;1
85;44;43;36;28;44;0;44;0;0;0;44;85;0;43;36;28;0;0;0;0;1;1;0;2
19;17;23;21;38;17;0;17;0;0;0;17;19;0;23;21;38;0;1;0;1;1;0;0;3
48;50;32;67;72;16;0;0;0;0;0;0;48;50;32;67;72;16;0;0;1;0;0;1;2
37;35;38;53;37;11;37;0;0;0;37;0;0;35;38;53;0;11;0;1;0;0;0;1;2
68;80;25;25;136;80;0;80;25;25;0;80;68;0;0;0;136;0;0;0;0;0;0;0;0
33;41;8;20;33;13;33;0;0;0;33;0;0;41;8;20;0;13;0;0;1;1;0;1;3
6;6;35;20;6;9;6;6;0;0;6;0;0;0;35;20;0;9;0;0;1;1;0;1;3
80;54;73;41;80;108;80;0;0;0;80;0;0;54;73;41;0;108;0;0;0;0;0;0;0
27;30;31;34;13;60;0;0;0;0;0;0;27;30;31;34;13;60;1;1;1;1;1;0;5
83;76;92;46;83;38;83;0;0;0;83;0;0;76;92;46;0;38;0;0;0;0;0;0;0
28;53;37;45;84;53;0;53;0;0;0;53;28;0;37;45;84;0;1;0;0;0;0;0;1
72;81;44;44;72;121;72;0;44;44;72;0;0;81;0;0;0;121;0;0;0;0;0;0;0
38;21;37;45;114;10;0;0;0;0;0;0;38;21;37;45;114;10;0;1;0;0;0;1;2
66;61;23;74;66;61;66;61;0;0;66;61;0;0;23;74;0;0;0;0;1;0;0;0;1
32;66;62;54;32;99;32;0;0;0;32;0;0;66;62;54;0;99;0;0;0;0;0;0;0
63;30;70;30;42;30;0;30;0;30;0;30;63;0;70;0;42;0;0;0;0;0;0;0;0
34;51;85;70;17;51;0;51;0;0;0;51;34;0;85;70;17;0;1;0;0;0;1;0;2
71;79;35;19;71;79;71;79;0;0;71;79;0;0;35;19;0;0;0;0;1;1;0;0;2
46;46;11;26;46;92;46;46;0;0;46;0;0;0;11;26;0;92;0;0;1;1;0;0;2
18;43;63;31;54;21;0;0;0;0;0;0;18;43;63;31;54;21;1;0;0;1;0;1;3
22;29;21;6;44;29;0;29;0;0;0;29;22;0;21;6;44;0;1;0;1;1;0;0;3
61;45;21;10;91;67;0;0;0;0;0;0;61;45;21;10;91;67;0;0;1;1;0;0;2
61;81;55;48;61;81;61;81;0;0;61;81;0;0;55;48;0;0;0;0;0;0;0;0;0
94;38;38;29;62;38;0;38;38;0;0;38;94;0;0;29;62;0;0;0;0;1;0;0;1
52;78;21;26;78;78;0;78;0;0;78;78;52;0;21;26;0;0;0;0;1;1;0;0;2
71;68;25;19;47;102;0;0;0;0;0;0;71;68;25;19;47;102;0;0;1;1;0;0;2
36;13;44;18;36;19;36;0;0;0;36;0;0;13;44;18;0;19;0;1;0;1;0;1;3
54;68;36;25;54;68;54;68;0;0;54;68;0;0;36;25;0;0;0;0;1;1;0;0;2
73;46;44;62;73;46;73;46;0;0;73;46;0;0;44;62;0;0;0;0;0;0;0;0;0
20;33;22;56;30;22;0;0;22;0;0;22;20;33;0;56;30;0;1;1;0;0;1;0;3
78;44;84;57;78;132;78;0;0;0;78;0;0;44;84;57;0;132;0;0;0;0;0;0;0
54;31;50;21;27;31;0;31;0;0;0;31;54;0;50;21;27;0;0;0;0;1;1;0;2
18;77;64;40;6;77;0;77;0;0;0;77;18;0;64;40;6;0;1;0;0;0;1;0;2
45;58;39;45;15;116;45;0;0;45;0;0;0;58;39;0;15;116;0;0;0;0;1;0;1
52;47;31;53;52;47;52;47;0;0;52;47;0;0;31;53;0;0;0;0;1;0;0;0;1
20;18;12;22;60;18;0;18;0;0;0;18;20;0;12;22;60;0;1;0;1;1;0;0;3
48;67;50;41;72;134;0;0;0;0;0;0;48;67;50;41;72;134;0;0;0;0;0;0;0
24;33;71;44;48;66;0;0;0;0;0;0;24;33;71;44;48;66;1;1;0;0;0;0;2
28;44;33;33;28;29;28;0;33;33;28;0;0;44;0;0;0;29;0;0;0;0;0;1;1
61;95;56;42;61;63;61;0;0;0;61;0;0;95;56;42;0;63;0;0;0;0;0;0;0
35;24;35;46;35;36;35;0;35;0;35;0;0;24;0;46;0;36;0;1;0;0;0;1;2
80;37;68;79;26;24;0;0;0;0;0;0;80;37;68;79;26;24;0;0;0;0;1;1;2
54;37;70;54;18;12;54;0;0;54;0;0;0;37;70;0;18;12;0;0;0;0;1;1;2
18;61;16;23;54;91;0;0;0;0;0;0;18;61;16;23;54;91;1;0;1;1;0;0;3
63;74;69;73;63;222;63;0;0;0;63;0;0;74;69;73;0;222;0;0;0;0;0;0;0
83;49;82;54;27;147;0;0;0;0;0;0;83;49;82;54;27;147;0;0;0;0;1;0;1
65;24;50;3;21;24;0;24;0;0;0;24;65;0;50;3;21;0;0;0;0;1;1;0;2
75;61;55;63;150;20;0;0;0;0;0;0;75;61;55;63;150;20;0;0;0;0;0;1;1
50;50;16;65;33;50;50;50;0;0;0;50;0;0;16;65;33;0;0;0;1;0;1;0;2
68;27;65;57;136;40;0;0;0;0;0;0;68;27;65;57;136;40;0;1;0;0;0;0;1
60;54;60;52;120;81;60;0;60;0;0;0;0;54;0;52;120;81;0;0;0;0;0;0;0
19;22;13;12;28;33;0;0;0;0;0;0;19;22;13;12;28;33;1;1;1;1;1;1;6
15;64;52;41;15;96;15;0;0;0;15;0;0;64;52;41;0;96;0;0;0;0;0;0;0
56;70;54;62;37;70;0;70;0;0;0;70;56;0;54;62;37;0;0;0;0;0;0;0;0
17;69;39;55;8;23;0;0;0;0;0;0;17;69;39;55;8;23;1;0;0;0;1;1;3
37;73;40;62;18;36;0;0;0;0;0;0;37;73;40;62;18;36;0;0;0;0;1;1;2
28;52;58;10;42;17;0;0;0;0;0;0;28;52;58;10;42;17;1;0;0;1;0;1;3
21;36;56;87;7;36;0;36;0;0;0;36;21;0;56;87;7;0;1;0;0;0;1;0;2
28;54;89;52;56;108;0;0;0;0;0;0;28;54;89;52;56;108;1;0;0;0;0;0;1
38;42;38;64;38;126;38;0;38;0;38;0;0;42;0;64;0;126;0;0;0;0;0;0;0
65;57;69;87;32;57;0;57;0;0;0;57;65;0;69;87;32;0;0;0;0;0;1;0;1
54;75;77;81;27;112;0;0;0;0;0;0;54;75;77;81;27;112;0;0;0;0;1;0;1
41;47;66;43;20;15;0;0;0;0;0;0;41;47;66;43;20;15;0;0;0;0;1;1;2
34;22;33;46;34;22;34;22;0;0;34;22;0;0;33;46;0;0;0;0;1;0;0;0;1
36;34;43;25;36;34;36;34;0;0;36;34;0;0;43;25;0;0;0;0;0;1;0;0;1
65;47;57;64;21;47;0;47;0;0;0;47;65;0;57;64;21;0;0;0;0;0;1;0;1
29;39;76;18;87;39;0;39;0;0;0;39;29;0;76;18;87;0;1;0;0;1;0;0;2
74;50;50;34;24;75;0;50;50;0;0;0;74;0;0;34;24;75;0;0;0;1;1;0;2
63;87;70;63;94;130;63;0;0;63;0;0;0;87;70;0;94;130;0;0;0;0;0;0;0
83;46;24;22;249;15;0;0;0;0;0;0;83;46;24;22;249;15;0;0;1;1;0;1;3
42;29;47;43;21;29;0;29;0;0;0;29;42;0;47;43;21;0;0;0;0;0;1;0;1
41;42;25;41;82;14;41;0;0;41;0;0;0;42;25;0;82;14;0;0;1;0;0;1;2
33;2;67;9;22;4;0;0;0;0;0;0;33;2;67;9;22;4;1;1;0;1;1;1;5
79;38;47;37;79;19;79;0;0;0;79;0;0;38;47;37;0;19;0;0;0;0;0;1;1
98;92;64;19;65;61;0;0;0;0;0;0;98;92;64;19;65;61;0;0;0;1;0;0;1
57;47;36;50;85;141;0;0;0;0;0;0;57;47;36;50;85;141;0;0;1;0;0;0;1
75;50;47;26;75;50;75;50;0;0;75;50;0;0;47;26;0;0;0;0;0;1;0;0;1
22;29;25;26;22;19;22;0;0;0;22;0;0;29;25;26;0;19;0;1;1;1;0;1;4
62;37;32;53;20;18;0;0;0;0;0;0;62;37;32;53;20;18;0;0;1;0;1;1;3
56;22;55;33;84;14;0;0;0;0;0;0;56;22;55;33;84;14;0;1;0;1;0;1;3
34;44;33;66;51;14;0;0;0;0;0;0;34;44;33;66;51;14;1;0;1;0;0;1;3
42;49;43;47;28;49;0;49;0;0;0;49;42;0;43;47;28;0;0;0;0;0;1;0;1
27;13;81;96;18;19;0;0;0;0;0;0;27;13;81;96;18;19;1;1;0;0;1;1;4
41;8;6;32;41;5;41;0;0;0;41;0;0;8;6;32;0;5;0;1;1;1;0;1;4
52;52;27;39;34;34;52;52;0;0;34;34;0;0;27;39;0;0;0;0;1;0;0;0;1
86;33;27;24;57;33;0;33;0;0;0;33;86;0;27;24;57;0;0;0;1;1;0;0;2
15;17;35;18;30;25;0;0;0;0;0;0;15;17;35;18;30;25;1;1;1;1;1;1;6
73;60;56;60;24;120;0;60;0;60;0;0;73;0;56;0;24;120;0;0;0;0;1;0;1
52;71;66;75;52;47;52;0;0;0;52;0;0;71;66;75;0;47;0;0;0;0;0;0;0
4;15;29;43;12;22;0;0;0;0;0;0;4;15;29;43;12;22;1;1;1;0;1;1;5
30;41;21;10;90;41;0;41;0;0;0;41;30;0;21;10;90;0;1;0;1;1;0;0;3
17;6;39;89;11;6;0;6;0;0;0;6;17;0;39;89;11;0;1;0;0;0;1;0;2
62;69;18;56;62;34;62;0;0;0;62;0;0;69;18;56;0;34;0;0;1;0;0;1;2
26;21;15;21;39;63;0;21;0;21;0;0;26;0;15;0;39;63;1;0;1;0;0;0;2
37;37;26;36;18;24;37;37;0;0;0;0;0;0;26;36;18;24;0;0;1;1;1;1;4
70;46;52;52;70;138;70;0;52;52;70;0;0;46;0;0;0;138;0;0;0;0;0;0;0
15;22;42;57;10;22;0;22;0;0;0;22;15;0;42;57;10;0;1;0;0;0;1;0;2
34;63;33;42;17;31;0;0;0;0;0;0;34;63;33;42;17;31;1;0;1;0;1;1;4
56;34;40;56;168;11;56;0;0;56;0;0;0;34;40;0;168;11;0;1;0;0;0;1;2
24;37;35;25;48;24;24;0;0;0;0;24;0;37;35;25;48;0;0;0;1;1;0;0;2
88;45;77;44;44;45;0;45;0;44;44;45;88;0;77;0;0;0;0;0;0;0;0;0;0
70;40;17;87;140;20;0;0;0;0;0;0;70;40;17;87;140;20;0;0;1;0;0;1;2
87;61;51;24;43;122;0;0;0;0;0;0;87;61;51;24;43;122;0;0;0;1;0;0;1
25;62;51;50;25;62;25;62;0;0;25;62;0;0;51;50;0;0;0;0;0;0;0;0;0
34;21;26;40;22;21;0;21;0;0;0;21;34;0;26;40;22;0;1;0;1;0;1;0;3
69;49;36;30;34;73;0;0;0;0;0;0;69;49;36;30;34;73;0;0;1;1;1;0;3
44;36;46;49;66;108;0;0;0;0;0;0;44;36;46;49;66;108;0;1;0;0;0;0;1
10;73;13;26;30;219;0;0;0;0;0;0;10;73;13;26;30;219;1;0;1;1;1;0;4
73;49;58;84;73;147;73;0;0;0;73;0;0;49;58;84;0;147;0;0;0;0;0;0;0
53;67;93;91;17;100;0;0;0;0;0;0;53;67;93;91;17;100;0;0;0;0;1;0;1
72;27;73;31;144;18;0;0;0;0;0;0;72;27;73;31;144;18;0;1;0;1;0;1;3
62;41;87;37;62;20;62;0;0;0;62;0;0;41;87;37;0;20;0;0;0;0;0;1;1
30;39;19;21;30;78;30;0;0;0;30;0;0;39;19;21;0;78;0;0;1;1;0;0;2
7;40;24;59;7;13;7;0;0;0;7;0;0;40;24;59;0;13;0;0;1;0;0;1;2
59;45;53;49;59;30;59;0;0;0;59;0;0;45;53;49;0;30;0;0;0;0;0;1;1
12;76;71;68;6;228;0;0;0;0;0;0;12;76;71;68;6;228;1;0;0;0;1;0;2
39;59;26;48;78;59;0;59;0;0;0;59;39;0;26;48;78;0;0;0;1;0;0;0;1
65;74;73;43;21;111;0;0;0;0;0;0;65;74;73;43;21;111;0;0;0;0;1;0;1
65;13;68;24;65;8;65;0;0;0;65;0;0;13;68;24;0;8;0;1;0;1;0;1;3
53;21;34;22;106;21;0;21;0;0;0;21;53;0;34;22;106;0;0;0;1;1;0;0;2
46;83;37;60;23;41;0;0;0;0;0;0;46;83;37;60;23;41;0;0;0;0;1;0;1
41;59;26;7;123;118;0;0;0;0;0;0;41;59;26;7;123;118;0;0;1;1;0;0;2
53;40;36;42;26;13;0;0;0;0;0;0;53;40;36;42;26;13;0;0;1;0;1;1;3
28;44;48;30;84;44;0;44;0;0;0;44;28;0;48;30;84;0;1;0;0;1;0;0;2
56;43;36;67;168;129;0;0;0;0;0;0;56;43;36;67;168;129;0;0;1;0;0;0;1
74;66;63;62;148;33;0;0;0;0;0;0;74;66;63;62;148;33;0;0;0;0;0;1;1
65;65;90;54;32;65;65;65;0;0;0;65;0;0;90;54;32;0;0;0;0;0;1;0;1
26;19;16;15;26;12;26;0;0;0;26;0;0;19;16;15;0;12;0;1;1;1;0;1;4
25;35;37;35;50;35;0;35;0;35;0;35;25;0;37;0;50;0;1;0;0;0;0;0;1
12;14;13;18;24;7;0;0;0;0;0;0;12;14;13;18;24;7;1;1;1;1;1;1;6
50;26;41;46;50;39;50;0;0;0;50;0;0;26;41;46;0;39;0;1;0;0;0;0;1
24;83;17;88;36;83;0;83;0;0;0;83;24;0;17;88;36;0;1;0;1;0;1;0;3
55;80;58;48;55;160;55;0;0;0;55;0;0;80;58;48;0;160;0;0;0;0;0;0;0
83;32;47;79;249;48;0;0;0;0;0;0;83;32;47;79;249;48;0;1;0;0;0;0;1
34;41;52;50;51;61;0;0;0;0;0;0;34;41;52;50;51;61;1;0;0;0;0;0;1
44;46;29;35;29;138;0;0;29;0;29;0;44;46;0;35;0;138;0;0;0;1;0;0;1
71;73;51;78;213;73;0;73;0;0;0;73;71;0;51;78;213;0;0;0;0;0;0;0;0
29;76;61;41;29;76;29;76;0;0;29;76;0;0;61;41;0;0;0;0;0;0;0;0;0
26;57;71;63;17;57;0;57;0;0;0;57;26;0;71;63;17;0;1;0;0;0;1;0;2
13;51;73;5;13;102;13;0;0;0;13;0;0;51;73;5;0;102;0;0;0;1;0;0;1
60;67;50;27;30;22;0;0;0;0;0;0;60;67;50;27;30;22;0;0;0;1;1;1;3
59;46;29;42;59;15;59;0;0;0;59;0;0;46;29;42;0;15;0;0;1;0;0;1;2
39;48;51;65;39;96;39;0;0;0;39;0;0;48;51;65;0;96;0;0;0;0;0;0;0
79;62;81;46;79;62;79;62;0;0;79;62;0;0;81;46;0;0;0;0;0;0;0;0;0
33;37;12;29;22;37;0;37;0;0;0;37;33;0;12;29;22;0;1;0;1;1;1;0;4
23;29;83;41;23;19;23;0;0;0;23;0;0;29;83;41;0;19;0;1;0;0;0;1;2
32;41;22;29;10;13;0;0;0;0;0;0;32;41;22;29;10;13;1;0;1;1;1;1;5
55;36;61;51;55;12;55;0;0;0;55;0;0;36;61;51;0;12;0;1;0;0;0;1;2
84;68;98;16;56;45;0;0;0;0;0;0;84;68;98;16;56;45;0;0;0;1;0;0;1
70;48;23;77;70;24;70;0;0;0;70;0;0;48;23;77;0;24;0;0;1;0;0;1;2
72;20;9;38;72;10;72;0;0;0;72;0;0;20;9;38;0;10;0;1;1;0;0;1;3
63;21;55;65;63;31;63;0;0;0;63;0;0;21;55;65;0;31;0;1;0;0;0;1;2
31;37;35;44;31;18;31;0;0;0;31;0;0;37;35;44;0;18;0;0;1;0;0;1;2
33;74;52;47;99;111;0;0;0;0;0;0;33;74;52;47;99;111;1;0;0;0;0;0;1
83;90;86;51;166;270;0;0;0;0;0;0;83;90;86;51;166;270;0;0;0;0;0;0;0
52;57;71;65;17;57;0;57;0;0;0;57;52;0;71;65;17;0;0;0;0;0;1;0;1
29;22;56;12;29;22;29;22;0;0;29;22;0;0;56;12;0;0;0;0;0;1;0;0;1
27;24;38;5;81;24;0;24;0;0;0;24;27;0;38;5;81;0;1;0;0;1;0;0;2
42;33;60;56;126;22;0;0;0;0;0;0;42;33;60;56;126;22;0;1;0;0;0;1;2
8;26;34;41;8;78;8;0;0;0;8;0;0;26;34;41;0;78;0;1;1;0;0;0;2
60;90;69;90;60;90;60;90;0;90;60;90;0;0;69;0;0;0;0;0;0;0;0;0;0
35;9;67;21;11;9;0;9;0;0;0;9;35;0;67;21;11;0;1;0;0;1;1;0;3
39;24;42;29;78;16;0;0;0;0;0;0;39;24;42;29;78;16;0;1;0;1;0;1;3
34;61;70;68;51;61;0;61;0;0;0;61;34;0;70;68;51;0;1;0;0;0;0;0;1
70;42;51;41;23;42;0;42;0;0;0;42;70;0;51;41;23;0;0;0;0;0;1;0;1
28;59;69;11;42;39;0;0;0;0;0;0;28;59;69;11;42;39;1;0;0;1;0;0;2
70;86;68;29;35;57;0;0;0;0;0;0;70;86;68;29;35;57;0;0;0;1;1;0;2
45;51;72;44;45;51;45;51;0;0;45;51;0;0;72;44;0;0;0;0;0;0;0;0;0
16;34;65;59;48;51;0;0;0;0;0;0;16;34;65;59;48;51;1;1;0;0;0;0;2
52;53;68;54;52;26;52;0;0;0;52;0;0;53;68;54;0;26;0;0;0;0;0;1;1
9;35;34;81;6;35;0;35;0;0;0;35;9;0;34;81;6;0;1;0;1;0;1;0;3
12;37;13;4;12;55;12;0;0;0;12;0;0;37;13;4;0;55;0;0;1;1;0;0;2
53;41;32;23;26;27;0;0;0;0;0;0;53;41;32;23;26;27;0;0;1;1;1;1;4
70;38;41;38;23;38;0;38;0;38;0;38;70;0;41;0;23;0;0;0;0;0;1;0;1
44;34;53;49;44;68;44;0;0;0;44;0;0;34;53;49;0;68;0;1;0;0;0;0;1
93;67;82;79;31;33;0;0;0;0;0;0;93;67;82;79;31;33;0;0;0;0;1;1;2
62;54;21;39;62;36;62;0;0;0;62;0;0;54;21;39;0;36;0;0;1;0;0;1;2
7;26;33;37;10;26;0;26;0;0;0;26;7;0;33;37;10;0;1;0;1;0;1;0;3
61;57;65;53;61;171;61;0;0;0;61;0;0;57;65;53;0;171;0;0;0;0;0;0;0
42;86;92;57;84;86;0;86;0;0;0;86;42;0;92;57;84;0;0;0;0;0;0;0;0
64;63;85;53;42;21;0;0;0;0;0;0;64;63;85;53;42;21;0;0;0;0;0;1;1
50;52;68;57;25;34;0;0;0;0;0;0;50;52;68;57;25;34;0;0;0;0;1;1;2
40;35;47;16;40;11;40;0;0;0;40;0;0;35;47;16;0;11;0;1;0;1;0;1;3
76;31;86;29;152;46;0;0;0;0;0;0;76;31;86;29;152;46;0;1;0;1;0;0;2
22;53;16;41;14;159;0;0;0;0;0;0;22;53;16;41;14;159;1;0;1;0;1;0;3
72;32;51;66;108;16;0;0;0;0;0;0;72;32;51;66;108;16;0;1;0;0;0;1;2
76;69;56;65;25;69;0;69;0;0;0;69;76;0;56;65;25;0;0;0;0;0;1;0;1
17;43;19;51;51;28;0;0;0;51;51;0;17;43;19;0;0;28;1;0;1;0;0;1;3
72;65;62;71;72;65;72;65;0;0;72;65;0;0;62;71;0;0;0;0;0;0;0;0;0
64;76;34;24;128;76;0;76;0;0;0;76;64;0;34;24;128;0;0;0;1;1;0;0;2
74;81;84;53;148;81;0;81;0;0;0;81;74;0;84;53;148;0;0;0;0;0;0;0;0
4;17;55;10;1;8;0;0;0;0;0;0;4;17;55;10;1;8;1;1;0;1;1;1;5
42;70;43;47;63;23;0;0;0;0;0;0;42;70;43;47;63;23;0;0;0;0;0;1;1
16;35;19;26;5;105;0;0;0;0;0;0;16;35;19;26;5;105;1;1;1;1;1;0;5
43;65;23;31;28;195;0;0;0;0;0;0;43;65;23;31;28;195;0;0;1;1;1;0;3
69;9;68;33;34;18;0;0;0;0;0;0;69;9;68;33;34;18;0;1;0;1;1;1;4
57;45;52;66;171;45;0;45;0;0;0;45;57;0;52;66;171;0;0;0;0;0;0;0;0
32;65;63;25;32;65;32;65;0;0;32;65;0;0;63;25;0;0;0;0;0;1;0;0;1
40;66;36;43;80;66;0;66;0;0;0;66;40;0;36;43;80;0;0;0;1;0;0;0;1
29;40;48;90;9;60;0;0;0;0;0;0;29;40;48;90;9;60;1;0;0;0;1;0;2
17;46;41;48;11;138;0;0;0;0;0;0;17;46;41;48;11;138;1;0;0;0;1;0;2
30;27;57;50;30;13;30;0;0;0;30;0;0;27;57;50;0;13;0;1;0;0;0;1;2
16;62;21;40;8;62;0;62;0;0;0;62;16;0;21;40;8;0;1;0;1;0;1;0;3
33;26;31;15;99;17;0;0;0;0;0;0;33;26;31;15;99;17;1;1;1;1;0;1;5
32;64;30;18;21;32;32;0;0;0;0;32;0;64;30;18;21;0;0;0;1;1;1;0;3
41;62;65;46;61;62;0;62;0;0;0;62;41;0;65;46;61;0;0;0;0;0;0;0;0
61;54;82;59;40;27;0;0;0;0;0;0;61;54;82;59;40;27;0;0;0;0;0;1;1
26;45;53;87;26;22;26;0;0;0;26;0;0;45;53;87;0;22;0;0;0;0;0;1;1
16;60;22;78;16;120;16;0;0;0;16;0;0;60;22;78;0;120;0;0;1;0;0;0;1
60;80;44;49;60;80;60;80;0;0;60;80;0;0;44;49;0;0;0;0;0;0;0;0;0
13;25;21;17;13;75;13;0;0;0;13;0;0;25;21;17;0;75;0;1;1;1;0;0;3
76;22;52;17;25;22;0;22;0;0;0;22;76;0;52;17;25;0;0;0;0;1;1;0;2
71;21;12;41;106;63;0;0;0;0;0;0;71;21;12;41;106;63;0;1;1;0;0;0;2
3;63;30;16;1;126;0;0;0;0;0;0;3;63;30;16;1;126;1;0;1;1;1;0;4
99;52;21;23;99;78;99;0;0;0;99;0;0;52;21;23;0;78;0;0;1;1;0;0;2
62;53;64;67;62;53;62;53;0;0;62;53;0;0;64;67;0;0;0;0;0;0;0;0;0
89;57;83;66;89;57;89;57;0;0;89;57;0;0;83;66;0;0;0;0;0;0;0;0;0
56;50;29;54;84;25;0;0;0;0;0;0;56;50;29;54;84;25;0;0;1;0;0;1;2
27;31;31;21;13;62;0;31;31;0;0;0;27;0;0;21;13;62;1;0;0;1;1;0;3
77;76;39;60;51;25;0;0;0;0;0;0;77;76;39;60;51;25;0;0;0;0;0;1;1
66;76;9;82;33;25;0;0;0;0;0;0;66;76;9;82;33;25;0;0;1;0;1;1;3
83;51;71;98;55;76;0;0;0;0;0;0;83;51;71;98;55;76;0;0;0;0;0;0;0
50;71;51;76;75;47;0;0;0;0;0;0;50;71;51;76;75;47;0;0;0;0;0;0;0
72;41;55;72;24;41;72;41;0;72;0;41;0;0;55;0;24;0;0;0;0;0;1;0;1
13;45;20;23;6;67;0;0;0;0;0;0;13;45;20;23;6;67;1;0;1;1;1;0;4
81;22;45;79;54;22;0;22;0;0;0;22;81;0;45;79;54;0;0;0;0;0;0;0;0
32;59;13;76;96;118;0;0;0;0;0;0;32;59;13;76;96;118;1;0;1;0;0;0;2
28;49;62;17;18;49;0;49;0;0;0;49;28;0;62;17;18;0;1;0;0;1;1;0;3
47;61;50;58;23;30;0;0;0;0;0;0;47;61;50;58;23;30;0;0;0;0;1;1;2
80;25;25;78;40;16;0;25;25;0;0;0;80;0;0;78;40;16;0;0;0;0;0;1;1
70;54;83;41;46;54;0;54;0;0;0;54;70;0;83;41;46;0;0;0;0;0;0;0;0
33;74;73;43;16;111;0;0;0;0;0;0;33;74;73;43;16;111;1;0;0;0;1;0;2
5;32;60;28;7;32;0;32;0;0;0;32;5;0;60;28;7;0;1;0;0;1;1;0;3
22;48;43;51;7;48;0;48;0;0;0;48;22;0;43;51;7;0;1;0;0;0;1;0;2
66;49;40;46;132;32;0;0;0;0;0;0;66;49;40;46;132;32;0;0;0;0;0;1;1
61;57;60;33;183;28;0;0;0;0;0;0;61;57;60;33;183;28;0;0;0;1;0;1;2
47;75;63;47;31;150;47;0;0;47;0;0;0;75;63;0;31;150;0;0;0;0;1;0;1
33;44;43;25;11;66;0;0;0;0;0;0;33;44;43;25;11;66;1;0;0;1;1;0;3
18;16;53;13;12;16;0;16;0;0;0;16;18;0;53;13;12;0;1;0;0;1;1;0;3
29;36;40;33;29;54;29;0;0;0;29;0;0;36;40;33;0;54;0;1;0;1;0;0;2
46;31;24;50;46;62;46;0;0;0;46;0;0;31;24;50;0;62;0;1;1;0;0;0;2
23;46;58;47;34;30;0;0;0;0;0;0;23;46;58;47;34;30;1;0;0;0;1;1;3
73;11;19;25;146;33;0;0;0;0;0;0;73;11;19;25;146;33;0;1;1;1;0;1;4
11;3;93;27;11;3;11;3;0;0;11;3;0;0;93;27;0;0;0;0;0;1;0;0;1
46;59;59;46;23;59;46;59;59;46;0;59;0;0;0;0;23;0;0;0;0;0;1;0;1
79;94;67;87;118;94;0;94;0;0;0;94;79;0;67;87;118;0;0;0;0;0;0;0;0
17;40;51;48;17;80;17;0;0;0;17;0;0;40;51;48;0;80;0;0;0;0;0;0;0
50;53;48;51;50;53;50;53;0;0;50;53;0;0;48;51;0;0;0;0;0;0;0;0;0
32;83;92;42;32;83;32;83;0;0;32;83;0;0;92;42;0;0;0;0;0;0;0;0;0
34;50;14;24;34;50;34;50;0;0;34;50;0;0;14;24;0;0;0;0;1;1;0;0;2
17;13;38;40;17;8;17;0;0;0;17;0;0;13;38;40;0;8;0;1;0;0;0;1;2
59;63;9;80;39;189;0;0;0;0;0;0;59;63;9;80;39;189;0;0;1;0;0;0;1
14;25;13;23;9;8;0;0;0;0;0;0;14;25;13;23;9;8;1;1;1;1;1;1;6
18;24;13;13;18;36;18;0;13;13;18;0;0;24;0;0;0;36;0;1;0;0;0;1;2
48;90;51;38;96;90;0;90;0;0;0;90;48;0;51;38;96;0;0;0;0;0;0;0;0
72;38;66;69;72;38;72;38;0;0;72;38;0;0;66;69;0;0;0;0;0;0;0;0;0
49;94;93;57;73;94;0;94;0;0;0;94;49;0;93;57;73;0;0;0;0;0;0;0;0
22;47;38;11;7;47;0;47;0;0;0;47;22;0;38;11;7;0;1;0;0;1;1;0;3
15;5;14;35;22;5;0;5;0;0;0;5;15;0;14;35;22;0;1;0;1;1;1;0;4
72;40;41;15;36;40;0;40;0;0;0;40;72;0;41;15;36;0;0;0;0;1;1;0;2
45;77;28;79;45;77;45;77;0;0;45;77;0;0;28;79;0;0;0;0;1;0;0;0;1
89;81;42;81;59;40;0;81;0;81;0;0;89;0;42;0;59;40;0;0;0;0;0;0;0
43;41;9;21;43;41;43;41;0;0;43;41;0;0;9;21;0;0;0;0;1;1;0;0;2
87;68;27;69;261;68;0;68;0;0;0;68;87;0;27;69;261;0;0;0;1;0;0;0;1
35;34;49;30;52;34;0;34;0;0;0;34;35;0;49;30;52;0;1;0;0;1;0;0;2
27;40;61;47;27;26;27;0;0;0;27;0;0;40;61;47;0;26;0;0;0;0;0;1;1
17;12;14;20;17;12;17;12;0;0;17;12;0;0;14;20;0;0;0;0;1;1;0;0;2
23;35;28;35;7;23;23;35;0;35;0;23;0;0;28;0;7;0;0;0;1;0;1;0;2
31;44;94;52;31;44;31;44;0;0;31;44;0;0;94;52;0;0;0;0;0;0;0;0;0
85;50;62;57;42;150;0;0;0;0;0;0;85;50;62;57;42;150;0;0;0;0;0;0;0
70;51;81;43;210;51;0;51;0;0;0;51;70;0;81;43;210;0;0;0;0;0;0;0;0
48;22;92;37;72;7;0;0;0;0;0;0;48;22;92;37;72;7;0;1;0;0;0;1;2
80;54;22;47;80;81;80;0;0;0;80;0;0;54;22;47;0;81;0;0;1;0;0;0;1
65;59;47;89;21;59;0;59;0;0;0;59;65;0;47;89;21;0;0;0;0;0;1;0;1
53;47;52;52;53;15;53;0;52;52;53;0;0;47;0;0;0;15;0;0;0;0;0;1;1
34;38;37;35;51;38;0;38;0;0;0;38;34;0;37;35;51;0;1;0;0;1;0;0;2
64;86;50;42;64;258;64;0;0;0;64;0;0;86;50;42;0;258;0;0;0;0;0;0;0
22;36;43;39;7;36;0;36;0;0;0;36;22;0;43;39;7;0;1;0;0;0;1;0;2
46;58;63;50;46;116;46;0;0;0;46;0;0;58;63;50;0;116;0;0;0;0;0;0;0
64;17;83;81;21;17;0;17;0;0;0;17;64;0;83;81;21;0;0;0;0;0;1;0;1
8;9;15;14;2;9;0;9;0;0;0;9;8;0;15;14;2;0;1;0;1;1;1;0;4
70;32;23;59;35;32;0;32;0;0;0;32;70;0;23;59;35;0;0;0;1;0;1;0;2
53;39;84;28;53;19;53;0;0;0;53;0;0;39;84;28;0;19;0;0;0;1;0;1;2
62;45;72;86;20;15;0;0;0;0;0;0;62;45;72;86;20;15;0;0;0;0;1;1;2
8;20;14;3;24;20;0;20;0;0;0;20;8;0;14;3;24;0;1;0;1;1;1;0;4
9;10;55;12;18;6;0;0;0;0;0;0;9;10;55;12;18;6;1;1;0;1;1;1;5
63;39;93;71;126;39;0;39;0;0;0;39;63;0;93;71;126;0;0;0;0;0;0;0;0
27;67;30;33;81;44;0;0;0;0;0;0;27;67;30;33;81;44;1;0;1;1;0;0;3
12;51;56;43;4;17;0;0;0;0;0;0;12;51;56;43;4;17;1;0;0;0;1;1;3
69;41;87;68;23;41;0;41;0;0;0;41;69;0;87;68;23;0;0;0;0;0;1;0;1
72;53;89;98;108;35;0;0;0;0;0;0;72;53;89;98;108;35;0;0;0;0;0;1;1
41;16;18;22;13;5;0;0;0;0;0;0;41;16;18;22;13;5;0;1;1;1;1;1;5
52;61;44;69;156;30;0;0;0;0;0;0;52;61;44;69;156;30;0;0;0;0;0;1;1
31;44;83;26;31;66;31;0;0;0;31;0;0;44;83;26;0;66;0;0;0;1;0;0;1
68;12;31;14;34;12;0;12;0;0;0;12;68;0;31;14;34;0;0;0;1;1;1;0;3
38;44;28;25;19;132;0;0;0;0;0;0;38;44;28;25;19;132;0;0;1;1;1;0;3
37;50;40;43;111;75;0;0;0;0;0;0;37;50;40;43;111;75;0;0;0;0;0;0;0
54;15;36;68;81;5;0;0;0;0;0;0;54;15;36;68;81;5;0;1;1;0;0;1;3
30;33;47;16;30;33;30;33;0;0;30;33;0;0;47;16;0;0;0;0;0;1;0;0;1
20;45;53;27;10;67;0;0;0;0;0;0;20;45;53;27;10;67;1;0;0;1;1;0;3
58;85;33;51;58;28;58;0;0;0;58;0;0;85;33;51;0;28;0;0;1;0;0;1;2
51;50;54;68;153;50;0;50;0;0;0;50;51;0;54;68;153;0;0;0;0;0;0;0;0
27;26;7;23;81;17;0;0;0;0;0;0;27;26;7;23;81;17;1;1;1;1;0;1;5
55;24;18;71;18;24;0;24;18;0;18;24;55;0;0;71;0;0;0;0;0;0;0;0;0
24;34;43;23;24;51;24;0;0;0;24;0;0;34;43;23;0;51;0;1;0;1;0;0;2
53;52;61;59;35;52;0;52;0;0;0;52;53;0;61;59;35;0;0;0;0;0;1;0;1
59;92;95;86;59;92;59;92;0;0;59;92;0;0;95;86;0;0;0;0;0;0;0;0;0
53;46;31;68;26;30;0;0;0;0;0;0;53;46;31;68;26;30;0;0;1;0;1;1;3
78;12;30;59;234;18;0;0;0;0;0;0;78;12;30;59;234;18;0;1;1;0;0;1;3
28;87;30;73;28;261;28;0;0;0;28;0;0;87;30;73;0;261;0;0;1;0;0;0;1
62;70;11;72;93;70;0;70;0;0;0;70;62;0;11;72;93;0;0;0;1;0;0;0;1
42;74;55;59;126;37;0;0;0;0;0;0;42;74;55;59;126;37;0;0;0;0;0;0;0
7;40;32;21;7;80;7;0;0;0;7;0;0;40;32;21;0;80;0;0;1;1;0;0;2
77;68;63;68;25;22;0;68;0;68;0;0;77;0;63;0;25;22;0;0;0;0;1;1;2
49;25;52;20;49;25;49;25;0;0;49;25;0;0;52;20;0;0;0;0;0;1;0;0;1
43;72;2;69;43;48;43;0;0;0;43;0;0;72;2;69;0;48;0;0;1;0;0;0;1
59;49;81;44;177;16;0;0;0;0;0;0;59;49;81;44;177;16;0;0;0;0;0;1;1
53;24;77;41;53;8;53;0;0;0;53;0;0;24;77;41;0;8;0;1;0;0;0;1;2
36;59;52;28;108;59;0;59;0;0;0;59;36;0;52;28;108;0;1;0;0;1;0;0;2
90;95;63;95;90;285;90;95;0;95;90;0;0;0;63;0;0;285;0;0;0;0;0;0;0
26;31;68;39;26;31;26;31;0;0;26;31;0;0;68;39;0;0;0;0;0;0;0;0;0
41;50;71;66;20;150;0;0;0;0;0;0;41;50;71;66;20;150;0;0;0;0;1;0;1
56;72;58;30;168;108;0;0;0;0;0;0;56;72;58;30;168;108;0;0;0;1;0;0;1
65;70;59;40;97;23;0;0;0;0;0;0;65;70;59;40;97;23;0;0;0;0;0;1;1
56;13;6;33;28;39;0;0;0;0;0;0;56;13;6;33;28;39;0;1;1;1;1;0;4
23;23;44;41;11;7;23;23;0;0;0;0;0;0;44;41;11;7;0;0;0;0;1;1;2
78;43;83;21;117;43;0;43;0;0;0;43;78;0;83;21;117;0;0;0;0;1;0;0;1
62;21;35;25;20;7;0;0;0;0;0;0;62;21;35;25;20;7;0;1;1;1;1;1;5
99;34;31;90;297;51;0;0;0;0;0;0;99;34;31;90;297;51;0;1;1;0;0;0;2
40;32;30;20;80;64;0;0;0;0;0;0;40;32;30;20;80;64;0;1;1;1;0;0;3
64;38;16;39;64;57;64;0;0;0;64;0;0;38;16;39;0;57;0;0;1;0;0;0;1
60;47;56;82;60;47;60;47;0;0;60;47;0;0;56;82;0;0;0;0;0;0;0;0;0
47;49;35;36;94;147;0;0;0;0;0;0;47;49;35;36;94;147;0;0;1;1;0;0;2
28;38;58;75;18;38;0;38;0;0;0;38;28;0;58;75;18;0;1;0;0;0;1;0;2
68;82;72;98;22;82;0;82;0;0;0;82;68;0;72;98;22;0;0;0;0;0;1;0;1
25;67;13;10;16;100;0;0;0;0;0;0;25;67;13;10;16;100;1;0;1;1;1;0;4
54;56;30;69;18;112;0;0;0;0;0;0;54;56;30;69;18;112;0;0;1;0;1;0;2
49;70;72;48;98;70;0;70;0;0;0;70;49;0;72;48;98;0;0;0;0;0;0;0;0
30;5;45;6;15;5;0;5;0;0;0;5;30;0;45;6;15;0;1;0;0;1;1;0;3
20;69;41;47;20;103;20;0;0;0;20;0;0;69;41;47;0;103;0;0;0;0;0;0;0
70;68;62;15;70;34;70;0;0;0;70;0;0;68;62;15;0;34;0;0;0;1;0;1;2
55;63;45;42;55;31;55;0;0;0;55;0;0;63;45;42;0;31;0;0;0;0;0;1;1
65;37;29;67;32;74;0;0;0;0;0;0;65;37;29;67;32;74;0;0;1;0;1;0;2
42;38;81;36;42;76;42;0;0;0;42;0;0;38;81;36;0;76;0;0;0;1;0;0;1
51;51;49;50;25;51;51;51;0;0;0;51;0;0;49;50;25;0;0;0;0;0;1;0;1
25;31;16;21;37;15;0;0;0;0;0;0;25;31;16;21;37;15;1;1;1;1;0;1;5
71;67;34;54;142;67;0;67;0;0;0;67;71;0;34;54;142;0;0;0;1;0;0;0;1
62;73;39;97;62;146;62;0;0;0;62;0;0;73;39;97;0;146;0;0;0;0;0;0;0
55;31;50;29;82;20;0;0;0;0;0;0;55;31;50;29;82;20;0;1;0;1;0;1;3
75;50;62;26;75;50;75;50;0;0;75;50;0;0;62;26;0;0;0;0;0;1;0;0;1
70;67;32;41;46;22;0;0;0;0;0;0;70;67;32;41;46;22;0;0;1;0;0;1;2
56;51;43;28;56;76;56;0;0;0;56;0;0;51;43;28;0;76;0;0;0;1;0;0;1
21;57;41;76;63;114;0;0;0;0;0;0;21;57;41;76;63;114;1;0;0;0;0;0;1
37;93;71;61;24;186;0;0;0;0;0;0;37;93;71;61;24;186;0;0;0;0;1;0;1
32;26;66;23;96;8;0;0;0;0;0;0;32;26;66;23;96;8;1;1;0;1;0;1;4
90;35;35;62;270;52;0;35;35;0;0;0;90;0;0;62;270;52;0;0;0;0;0;0;0
25;25;16;12;25;50;25;25;0;0;25;0;0;0;16;12;0;50;0;0;1;1;0;0;2
52;57;37;45;52;114;52;0;0;0;52;0;0;57;37;45;0;114;0;0;0;0;0;0;0
60;60;56;38;180;60;60;60;0;0;0;60;0;0;56;38;180;0;0;0;0;0;0;0;0
60;44;70;16;120;22;0;0;0;0;0;0;60;44;70;16;120;22;0;0;0;1;0;1;2
23;34;17;76;46;22;0;0;0;0;0;0;23;34;17;76;46;22;1;1;1;0;0;1;4
46;53;61;42;138;53;0;53;0;0;0;53;46;0;61;42;138;0;0;0;0;0;0;0;0
51;63;87;28;153;63;0;63;0;0;0;63;51;0;87;28;153;0;0;0;0;1;0;0;1
38;54;36;44;114;81;0;0;0;0;0;0;38;54;36;44;114;81;0;0;1;0;0;0;1
45;37;13;41;135;111;0;0;0;0;0;0;45;37;13;41;135;111;0;0;1;0;0;0;1
65;87;72;29;65;174;65;0;0;0;65;0;0;87;72;29;0;174;0;0;0;1;0;0;1
71;88;73;55;71;29;71;0;0;0;71;0;0;88;73;55;0;29;0;0;0;0;0;1;1
60;68;86;73;180;68;0;68;0;0;0;68;60;0;86;73;180;0;0;0;0;0;0;0;0
17;23;33;33;51;23;0;23;33;33;0;23;17;0;0;0;51;0;1;0;0;0;0;0;1
63;57;53;51;126;57;0;57;0;0;0;57;63;0;53;51;126;0;0;0;0;0;0;0;0
45;38;53;28;90;19;0;0;0;0;0;0;45;38;53;28;90;19;0;0;0;1;0;1;2
39;52;41;51;39;52;39;52;0;0;39;52;0;0;41;51;0;0;0;0;0;0;0;0;0
41;46;35;50;82;46;0;46;0;0;0;46;41;0;35;50;82;0;0;0;1;0;0;0;1
21;13;11;27;21;6;21;0;0;0;21;0;0;13;11;27;0;6;0;1;1;1;0;1;4
41;12;22;13;123;36;0;0;0;0;0;0;41;12;22;13;123;36;0;1;1;1;0;1;4
26;24;58;25;78;8;0;0;0;0;0;0;26;24;58;25;78;8;1;1;0;1;0;1;4
84;75;100;48;84;75;84;75;0;0;84;75;0;0;100;48;0;0;0;0;0;0;0;0;0
66;62;45;48;198;93;0;0;0;0;0;0;66;62;45;48;198;93;0;0;0;0;0;0;0
33;60;51;60;33;20;33;60;0;60;33;0;0;0;51;0;0;20;0;0;0;0;0;1;1
53;16;38;53;53;24;53;0;0;53;53;0;0;16;38;0;0;24;0;1;0;0;0;1;2
15;11;8;22;30;22;0;0;0;22;0;22;15;11;8;0;30;0;1;1;1;0;1;0;4
87;71;46;83;87;142;87;0;0;0;87;0;0;71;46;83;0;142;0;0;0;0;0;0;0
24;50;68;67;72;150;0;0;0;0;0;0;24;50;68;67;72;150;1;0;0;0;0;0;1
21;67;62;66;21;22;21;0;0;0;21;0;0;67;62;66;0;22;0;0;0;0;0;1;1
69;40;62;46;207;40;0;40;0;0;0;40;69;0;62;46;207;0;0;0;0;0;0;0;0
70;77;72;38;140;51;0;0;0;0;0;0;70;77;72;38;140;51;0;0;0;0;0;0;0
15;41;50;71;45;41;0;41;0;0;0;41;15;0;50;71;45;0;1;0;0;0;0;0;1
29;28;10;30;29;84;29;0;0;0;29;0;0;28;10;30;0;84;0;1;1;1;0;0;3
40;27;38;45;120;27;0;27;0;0;0;27;40;0;38;45;120;0;0;0;0;0;0;0;0
69;50;60;67;69;16;69;0;0;0;69;0;0;50;60;67;0;16;0;0;0;0;0;1;1
40;60;34;53;120;30;0;0;0;0;0;0;40;60;34;53;120;30;0;0;1;0;0;1;2
58;50;73;94;174;150;0;0;0;0;0;0;58;50;73;94;174;150;0;0;0;0;0;0;0
25;5;21;9;50;1;0;0;0;0;0;0;25;5;21;9;50;1;1;1;1;1;0;1;5
52;45;47;39;52;135;52;0;0;0;52;0;0;45;47;39;0;135;0;0;0;0;0;0;0
37;11;24;27;111;33;0;0;0;0;0;0;37;11;24;27;111;33;0;1;1;1;0;1;4
87;55;48;26;261;55;0;55;0;0;0;55;87;0;48;26;261;0;0;0;0;1;0;0;1
9;35;21;54;9;35;9;35;0;0;9;35;0;0;21;54;0;0;0;0;1;0;0;0;1
66;70;57;43;66;46;66;0;0;0;66;0;0;70;57;43;0;46;0;0;0;0;0;0;0
37;25;59;45;37;16;37;0;0;0;37;0;0;25;59;45;0;16;0;1;0;0;0;1;2
56;42;60;56;56;28;56;0;0;56;56;0;0;42;60;0;0;28;0;0;0;0;0;1;1
34;48;34;24;34;24;34;0;34;24;34;24;0;48;0;0;0;0;0;0;0;0;0;0;0
43;36;6;5;129;18;0;0;0;0;0;0;43;36;6;5;129;18;0;1;1;1;0;1;4
59;50;73;70;177;33;0;0;0;0;0;0;59;50;73;70;177;33;0;0;0;0;0;1;1
60;57;52;35;60;57;60;57;0;0;60;57;0;0;52;35;0;0;0;0;0;1;0;0;1
26;13;30;54;78;8;0;0;0;0;0;0;26;13;30;54;78;8;1;1;1;0;0;1;4
26;33;67;50;52;11;0;0;0;0;0;0;26;33;67;50;52;11;1;1;0;0;0;1;3
51;42;31;48;51;84;51;0;0;0;51;0;0;42;31;48;0;84;0;0;1;0;0;0;1
64;93;64;40;128;93;64;93;64;0;0;93;0;0;0;40;128;0;0;0;0;0;0;0;0
52;76;79;51;104;152;0;0;0;0;0;0;52;76;79;51;104;152;0;0;0;0;0;0;0
60;51;64;63;120;34;0;0;0;0;0;0;60;51;64;63;120;34;0;0;0;0;0;1;1
25;45;33;60;50;135;0;0;0;0;0;0;25;45;33;60;50;135;1;0;1;0;0;0;2
52;62;58;29;104;62;0;62;0;0;0;62;52;0;58;29;104;0;0;0;0;1;0;0;1
85;53;52;91;255;26;0;0;0;0;0;0;85;53;52;91;255;26;0;0;0;0;0;1;1
22;53;69;46;66;79;0;0;0;0;0;0;22;53;69;46;66;79;1;0;0;0;0;0;1
33;39;21;35;66;39;0;39;0;0;0;39;33;0;21;35;66;0;1;0;1;1;0;0;3
30;28;35;36;60;84;0;0;0;0;0;0;30;28;35;36;60;84;1;1;1;1;0;0;4
78;41;32;38;156;41;0;41;0;0;0;41;78;0;32;38;156;0;0;0;1;0;0;0;1
32;30;73;31;96;15;0;0;0;0;0;0;32;30;73;31;96;15;1;1;0;1;0;1;4
27;27;49;36;81;13;27;27;0;0;0;0;0;0;49;36;81;13;0;0;0;1;0;1;2
12;39;39;41;36;39;0;39;39;0;0;39;12;0;0;41;36;0;1;0;0;0;1;0;2
24;47;53;55;24;70;24;0;0;0;24;0;0;47;53;55;0;70;0;0;0;0;0;0;0
82;45;25;67;82;135;82;0;0;0;82;0;0;45;25;67;0;135;0;0;1;0;0;0;1
62;37;47;50;124;37;0;37;0;0;0;37;62;0;47;50;124;0;0;0;0;0;0;0;0
61;47;47;44;61;23;61;47;47;0;61;0;0;0;0;44;0;23;0;0;0;0;0;1;1
17;27;11;34;34;27;0;27;0;34;34;27;17;0;11;0;0;0;1;0;1;0;0;0;2
60;67;28;31;60;67;60;67;0;0;60;67;0;0;28;31;0;0;0;0;1;1;0;0;2
48;28;17;29;96;84;0;0;0;0;0;0;48;28;17;29;96;84;0;1;1;1;0;0;3
46;23;92;33;138;23;0;23;0;0;0;23;46;0;92;33;138;0;0;0;0;1;0;0;1
48;83;67;38;96;27;0;0;0;0;0;0;48;83;67;38;96;27;0;0;0;0;0;1;1
37;53;43;24;37;79;37;0;0;0;37;0;0;53;43;24;0;79;0;0;0;1;0;0;1
59;64;32;11;177;192;0;0;0;0;0;0;59;64;32;11;177;192;0;0;1;1;0;0;2
8;41;4;52;16;61;0;0;0;0;0;0;8;41;4;52;16;61;1;0;1;0;1;0;3
61;50;46;51;61;50;61;50;0;0;61;50;0;0;46;51;0;0;0;0;0;0;0;0;0
69;73;62;71;207;73;0;73;0;0;0;73;69;0;62;71;207;0;0;0;0;0;0;0;0
31;68;16;30;62;68;0;68;0;0;0;68;31;0;16;30;62;0;1;0;1;1;0;0;3
38;33;45;33;76;33;0;33;0;33;0;33;38;0;45;0;76;0;0;0;0;0;0;0;0
22;56;44;13;44;56;0;56;44;0;44;56;22;0;0;13;0;0;1;0;0;1;0;0;2
29;33;31;27;87;33;0;33;0;0;0;33;29;0;31;27;87;0;1;0;1;1;0;0;3
66;79;51;56;66;237;66;0;0;0;66;0;0;79;51;56;0;237;0;0;0;0;0;0;0
45;54;34;88;135;27;0;0;0;0;0;0;45;54;34;88;135;27;0;0;1;0;0;1;2
65;45;28;50;130;67;0;0;0;0;0;0;65;45;28;50;130;67;0;0;1;0;0;0;1
37;33;47;42;74;66;0;0;0;0;0;0;37;33;47;42;74;66;0;1;0;0;0;0;1
64;24;24;5;64;8;64;24;24;0;64;0;0;0;0;5;0;8;0;0;0;1;0;1;2
70;60;44;31;140;20;0;0;0;0;0;0;70;60;44;31;140;20;0;0;0;1;0;1;2
11;23;50;41;11;7;11;0;0;0;11;0;0;23;50;41;0;7;0;1;0;0;0;1;2
68;75;60;29;68;37;68;0;0;0;68;0;0;75;60;29;0;37;0;0;0;1;0;0;1
45;28;6;13;90;28;0;28;0;0;0;28;45;0;6;13;90;0;0;0;1;1;0;0;2
66;69;34;85;198;23;0;0;0;0;0;0;66;69;34;85;198;23;0;0;1;0;0;1;2
37;37;18;20;111;37;37;37;0;0;0;37;0;0;18;20;111;0;0;0;1;1;0;0;2
67;57;22;73;67;19;67;0;0;0;67;0;0;57;22;73;0;19;0;0;1;0;0;1;2
29;48;62;46;87;48;0;48;0;0;0;48;29;0;62;46;87;0;1;0;0;0;0;0;1
18;33;15;7;36;33;0;33;0;0;0;33;18;0;15;7;36;0;1;0;1;1;1;0;4
18;42;76;23;54;21;0;0;0;0;0;0;18;42;76;23;54;21;1;0;0;1;0;1;3
22;67;34;59;44;67;0;67;0;0;0;67;22;0;34;59;44;0;1;0;1;0;0;0;2
62;68;61;63;124;34;0;0;0;0;0;0;62;68;61;63;124;34;0;0;0;0;0;1;1
88;50;27;37;88;33;88;0;0;0;88;0;0;50;27;37;0;33;0;0;1;0;0;1;2
65;62;36;75;130;20;0;0;0;0;0;0;65;62;36;75;130;20;0;0;1;0;0;1;2
31;43;50;70;62;64;0;0;0;0;0;0;31;43;50;70;62;64;1;0;0;0;0;0;1
66;60;60;74;198;60;0;60;60;0;0;60;66;0;0;74;198;0;0;0;0;0;0;0;0
75;60;59;75;75;60;75;60;0;75;75;60;0;0;59;0;0;0;0;0;0;0;0;0;0
10;61;6;41;20;61;0;61;0;0;0;61;10;0;6;41;20;0;1;0;1;0;1;0;3
78;42;65;65;78;21;78;0;65;65;78;0;0;42;0;0;0;21;0;0;0;0;0;1;1
89;60;35;63;89;60;89;60;0;0;89;60;0;0;35;63;0;0;0;0;1;0;0;0;1
31;29;23;26;31;29;31;29;0;0;31;29;0;0;23;26;0;0;0;0;1;1;0;0;2
30;34;74;73;90;34;0;34;0;0;0;34;30;0;74;73;90;0;1;0;0;0;0;0;1
25;75;44;10;25;225;25;0;0;0;25;0;0;75;44;10;0;225;0;0;0;1;0;0;1
46;89;32;63;46;29;46;0;0;0;46;0;0;89;32;63;0;29;0;0;1;0;0;1;2
9;79;61;20;9;237;9;0;0;0;9;0;0;79;61;20;0;237;0;0;0;1;0;0;1
75;54;72;44;75;27;75;0;0;0;75;0;0;54;72;44;0;27;0;0;0;0;0;1;1
53;9;31;19;53;18;53;0;0;0;53;0;0;9;31;19;0;18;0;1;1;1;0;1;4
35;34;36;51;105;11;0;0;0;0;0;0;35;34;36;51;105;11;1;1;1;0;0;1;4
73;79;92;87;146;39;0;0;0;0;0;0;73;79;92;87;146;39;0;0;0;0;0;0;0
31;37;12;11;62;24;0;0;0;0;0;0;31;37;12;11;62;24;1;0;1;1;0;1;4
71;73;74;48;71;219;71;0;0;0;71;0;0;73;74;48;0;219;0;0;0;0;0;0;0
30;44;5;57;60;22;0;0;0;0;0;0;30;44;5;57;60;22;1;0;1;0;0;1;3
82;54;80;71;82;162;82;0;0;0;82;0;0;54;80;71;0;162;0;0;0;0;0;0;0
31;33;37;68;62;49;0;0;0;0;0;0;31;33;37;68;62;49;1;1;0;0;0;0;2
73;60;7;45;73;90;73;0;0;0;73;0;0;60;7;45;0;90;0;0;1;0;0;0;1
50;66;52;67;150;44;0;0;0;0;0;0;50;66;52;67;150;44;0;0;0;0;0;0;0
52;60;38;47;104;60;0;60;0;0;0;60;52;0;38;47;104;0;0;0;0;0;0;0;0
65;48;69;64;65;48;65;48;0;0;65;48;0;0;69;64;0;0;0;0;0;0;0;0;0
36;45;48;26;72;90;0;0;0;0;0;0;36;45;48;26;72;90;1;0;0;1;0;0;2
4;32;52;50;12;32;0;32;0;0;0;32;4;0;52;50;12;0;1;0;0;0;1;0;2
41;62;29;37;41;62;41;62;0;0;41;62;0;0;29;37;0;0;0;0;1;0;0;0;1
62;43;21;59;186;43;0;43;0;0;0;43;62;0;21;59;186;0;0;0;1;0;0;0;1
14;29;37;27;14;29;14;29;0;0;14;29;0;0;37;27;0;0;0;0;0;1;0;0;1
67;39;64;15;134;58;0;0;0;0;0;0;67;39;64;15;134;58;0;0;0;1;0;0;1
58;68;67;69;58;22;58;0;0;0;58;0;0;68;67;69;0;22;0;0;0;0;0;1;1
40;60;55;46;120;30;0;0;0;0;0;0;40;60;55;46;120;30;0;0;0;0;0;1;1
27;30;27;98;27;10;27;0;27;0;27;0;0;30;0;98;0;10;0;1;0;0;0;1;2
5;14;5;24;10;14;5;14;5;0;0;14;0;0;0;24;10;0;0;0;0;1;1;0;2
9;40;11;40;27;120;0;40;0;40;0;0;9;0;11;0;27;120;1;0;1;0;1;0;3
35;37;41;10;105;55;0;0;0;0;0;0;35;37;41;10;105;55;1;0;0;1;0;0;2
62;25;28;43;124;8;0;0;0;0;0;0;62;25;28;43;124;8;0;1;1;0;0;1;3
43;8;25;11;129;4;0;0;0;0;0;0;43;8;25;11;129;4;0;1;1;1;0;1;4
26;28;7;67;26;42;26;0;0;0;26;0;0;28;7;67;0;42;0;1;1;0;0;0;2
24;22;16;18;72;33;0;0;0;0;0;0;24;22;16;18;72;33;1;1;1;1;0;1;5
30;54;37;33;30;54;30;54;0;0;30;54;0;0;37;33;0;0;0;0;0;1;0;0;1
20;49;48;44;60;49;0;49;0;0;0;49;20;0;48;44;60;0;1;0;0;0;0;0;1
76;65;46;82;228;97;0;0;0;0;0;0;76;65;46;82;228;97;0;0;0;0;0;0;0
31;35;15;43;93;17;0;0;0;0;0;0;31;35;15;43;93;17;1;1;1;0;0;1;4
43;94;93;87;43;94;43;94;0;0;43;94;0;0;93;87;0;0;0;0;0;0;0;0;0
58;44;47;47;58;44;58;44;47;47;58;44;0;0;0;0;0;0;0;0;0;0;0;0;0
28;61;65;54;56;183;0;0;0;0;0;0;28;61;65;54;56;183;1;0;0;0;0;0;1
51;33;15;18;153;66;0;0;0;0;0;0;51;33;15;18;153;66;0;1;1;1;0;0;3
66;8;2;36;132;2;0;0;2;0;0;2;66;8;0;36;132;0;0;1;0;1;0;0;2
77;9;23;16;231;18;0;0;0;0;0;0;77;9;23;16;231;18;0;1;1;1;0;1;4
57;50;28;43;57;50;57;50;0;0;57;50;0;0;28;43;0;0;0;0;1;0;0;0;1
60;13;11;65;120;6;0;0;0;0;0;0;60;13;11;65;120;6;0;1;1;0;0;1;3
26;71;33;58;52;142;0;0;0;0;0;0;26;71;33;58;52;142;1;0;1;0;0;0;2
41;25;47;37;41;75;41;0;0;0;41;0;0;25;47;37;0;75;0;1;0;0;0;0;1
18;25;73;92;54;75;0;0;0;0;0;0;18;25;73;92;54;75;1;1;0;0;0;0;2
47;44;45;47;141;14;47;0;0;47;0;0;0;44;45;0;141;14;0;0;0;0;0;1;1
66;63;55;37;198;94;0;0;0;0;0;0;66;63;55;37;198;94;0;0;0;0;0;0;0
26;68;26;67;26;136;26;0;26;0;26;0;0;68;0;67;0;136;0;0;0;0;0;0;0
54;35;58;55;162;35;0;35;0;0;0;35;54;0;58;55;162;0;0;0;0;0;0;0;0
52;41;54;60;52;27;52;0;0;0;52;0;0;41;54;60;0;27;0;0;0;0;0;1;1
41;83;86;26;123;27;0;0;0;0;0;0;41;83;86;26;123;27;0;0;0;1;0;1;2
37;45;70;78;74;22;0;0;0;0;0;0;37;45;70;78;74;22;0;0;0;0;0;1;1
55;46;31;21;110;46;0;46;0;0;0;46;55;0;31;21;110;0;0;0;1;1;0;0;2
65;29;48;53;130;9;0;0;0;0;0;0;65;29;48;53;130;9;0;1;0;0;0;1;2
31;25;17;21;62;16;0;0;0;0;0;0;31;25;17;21;62;16;1;1;1;1;0;1;5
18;21;24;48;18;21;18;21;0;0;18;21;0;0;24;48;0;0;0;0;1;0;0;0;1
72;42;8;58;144;14;0;0;0;0;0;0;72;42;8;58;144;14;0;0;1;0;0;1;2
37;56;37;72;37;37;37;0;37;0;37;37;0;56;0;72;0;0;0;0;0;0;0;0;0
66;50;35;49;132;16;0;0;0;0;0;0;66;50;35;49;132;16;0;0;1;0;0;1;2
84;92;26;79;84;92;84;92;0;0;84;92;0;0;26;79;0;0;0;0;1;0;0;0;1
41;32;31;15;123;32;0;32;0;0;0;32;41;0;31;15;123;0;0;0;1;1;0;0;2
40;46;49;60;120;138;0;0;0;0;0;0;40;46;49;60;120;138;0;0;0;0;0;0;0
63;63;52;89;126;21;63;63;0;0;0;0;0;0;52;89;126;21;0;0;0;0;0;1;1
46;48;70;62;92;16;0;0;0;0;0;0;46;48;70;62;92;16;0;0;0;0;0;1;1
77;59;36;40;154;59;0;59;0;0;0;59;77;0;36;40;154;0;0;0;1;0;0;0;1
40;29;36;21;40;29;40;29;0;0;40;29;0;0;36;21;0;0;0;0;1;1;0;0;2
60;72;74;38;60;72;60;72;0;0;60;72;0;0;74;38;0;0;0;0;0;0;0;0;0
49;46;86;76;147;46;0;46;0;0;0;46;49;0;86;76;147;0;0;0;0;0;0;0;0
65;58;46;48;65;29;65;0;0;0;65;0;0;58;46;48;0;29;0;0;0;0;0;1;1
49;39;49;47;98;78;49;0;49;0;0;0;0;39;0;47;98;78;0;0;0;0;0;0;0
37;29;61;80;111;87;0;0;0;0;0;0;37;29;61;80;111;87;0;1;0;0;0;0;1
39;10;17;38;78;30;0;0;0;0;0;0;39;10;17;38;78;30;0;1;1;0;0;1;3
31;38;16;36;62;19;0;0;0;0;0;0;31;38;16;36;62;19;1;0;1;1;0;1;4
28;46;38;30;84;46;0;46;0;0;0;46;28;0;38;30;84;0;1;0;0;1;0;0;2
49;37;19;44;147;37;0;37;0;0;0;37;49;0;19;44;147;0;0;0;1;0;0;0;1
68;90;91;42;136;45;0;0;0;0;0;0;68;90;91;42;136;45;0;0;0;0;0;0;0
77;34;31;72;231;22;0;0;0;0;0;0;77;34;31;72;231;22;0;1;1;0;0;1;3
48;79;77;70;48;237;48;0;0;0;48;0;0;79;77;70;0;237;0;0;0;0;0;0;0
31;72;42;48;93;48;0;0;0;48;0;48;31;72;42;0;93;0;1;0;0;0;0;0;1
56;7;21;61;168;4;0;0;0;0;0;0;56;7;21;61;168;4;0;1;1;0;0;1;3
90;81;35;45;90;81;90;81;0;0;90;81;0;0;35;45;0;0;0;0;1;0;0;0;1
49;59;89;95;147;118;0;0;0;0;0;0;49;59;89;95;147;118;0;0;0;0;0;0;0
15;16;11;27;45;8;0;0;0;0;0;0;15;16;11;27;45;8;1;1;1;1;0;1;5
9;41;39;43;27;41;0;41;0;0;0;41;9;0;39;43;27;0;1;0;0;0;1;0;2
23;33;36;82;46;11;0;0;0;0;0;0;23;33;36;82;46;11;1;1;1;0;0;1;4
43;45;29;17;43;30;43;0;0;0;43;0;0;45;29;17;0;30;0;0;1;1;0;1;3
40;19;15;29;80;28;0;0;0;0;0;0;40;19;15;29;80;28;0;1;1;1;0;1;4
25;15;72;31;25;22;25;0;0;0;25;0;0;15;72;31;0;22;0;1;0;1;0;1;3
43;16;46;79;43;48;43;0;0;0;43;0;0;16;46;79;0;48;0;1;0;0;0;0;1
78;64;81;75;156;32;0;0;0;0;0;0;78;64;81;75;156;32;0;0;0;0;0;1;1
57;45;16;39;114;15;0;0;0;0;0;0;57;45;16;39;114;15;0;0;1;0;0;1;2
14;28;30;33;42;28;0;28;0;0;0;28;14;0;30;33;42;0;1;0;1;1;0;0;3
39;73;62;45;78;24;0;0;0;0;0;0;39;73;62;45;78;24;0;0;0;0;0;1;1
73;52;73;58;146;34;73;0;73;0;0;0;0;52;0;58;146;34;0;0;0;0;0;1;1
45;39;22;5;135;39;0;39;0;0;0;39;45;0;22;5;135;0;0;0;1;1;0;0;2
18;42;35;19;18;42;18;42;0;0;18;42;0;0;35;19;0;0;0;0;1;1;0;0;2
73;43;75;63;146;28;0;0;0;0;0;0;73;43;75;63;146;28;0;0;0;0;0;1;1
82;58;74;75;246;29;0;0;0;0;0;0;82;58;74;75;246;29;0;0;0;0;0;1;1
17;25;19;2;17;12;17;0;0;0;17;0;0;25;19;2;0;12;0;1;1;1;0;1;4
25;2;38;46;75;2;0;2;0;0;0;2;25;0;38;46;75;0;1;0;0;0;0;0;1
44;37;25;27;88;111;0;0;0;0;0;0;44;37;25;27;88;111;0;0;1;1;0;0;2
26;20;37;40;52;20;0;20;0;0;0;20;26;0;37;40;52;0;1;0;0;0;0;0;1
92;63;78;63;92;63;92;63;0;63;92;63;0;0;78;0;0;0;0;0;0;0;0;0;0
67;35;14;34;67;35;67;35;0;0;67;35;0;0;14;34;0;0;0;0;1;1;0;0;2
62;39;71;57;186;13;0;0;0;0;0;0;62;39;71;57;186;13;0;0;0;0;0;1;1
85;30;23;41;255;10;0;0;0;0;0;0;85;30;23;41;255;10;0;1;1;0;0;1;3
82;53;29;81;82;79;82;0;0;0;82;0;0;53;29;81;0;79;0;0;1;0;0;0;1
32;33;26;17;32;16;32;0;0;0;32;0;0;33;26;17;0;16;0;1;1;1;0;1;4
45;32;72;82;135;64;0;0;0;0;0;0;45;32;72;82;135;64;0;1;0;0;0;0;1
23;34;41;49;23;68;23;0;0;0;23;0;0;34;41;49;0;68;0;1;0;0;0;0;1
27;28;48;43;54;14;0;0;0;0;0;0;27;28;48;43;54;14;1;1;0;0;0;1;3
44;46;29;28;132;15;0;0;0;0;0;0;44;46;29;28;132;15;0;0;1;1;0;1;3
4;53;36;45;8;159;0;0;0;0;0;0;4;53;36;45;8;159;1;0;1;0;1;0;3
20;30;22;33;60;90;0;0;0;0;0;0;20;30;22;33;60;90;1;1;1;1;0;0;4
32;81;76;39;96;162;0;0;0;0;0;0;32;81;76;39;96;162;1;0;0;0;0;0;1
56;80;55;21;112;120;0;0;0;0;0;0;56;80;55;21;112;120;0;0;0;1;0;0;1
19;44;69;14;57;44;0;44;0;0;0;44;19;0;69;14;57;0;1;0;0;1;0;0;2
52;73;51;45;156;73;0;73;0;0;0;73;52;0;51;45;156;0;0;0;0;0;0;0;0
58;70;83;41;174;210;0;0;0;0;0;0;58;70;83;41;174;210;0;0;0;0;0;0;0
44;44;47;6;132;14;44;44;0;0;0;0;0;0;47;6;132;14;0;0;0;1;0;1;2
69;30;61;28;69;30;69;30;0;0;69;30;0;0;61;28;0;0;0;0;0;1;0;0;1
79;65;57;82;79;195;79;0;0;0;79;0;0;65;57;82;0;195;0;0;0;0;0;0;0
2;2;7;10;2;3;2;2;0;0;2;0;0;0;7;10;0;3;0;0;1;1;0;1;3
68;14;25;16;136;9;0;0;0;0;0;0;68;14;25;16;136;9;0;1;1;1;0;1;4
29;18;14;22;58;6;0;0;0;0;0;0;29;18;14;22;58;6;1;1;1;1;0;1;5
28;72;55;14;84;216;0;0;0;0;0;0;28;72;55;14;84;216;1;0;0;1;0;0;2
67;71;20;53;67;213;67;0;0;0;67;0;0;71;20;53;0;213;0;0;1;0;0;0;1
26;37;32;17;78;37;0;37;0;0;0;37;26;0;32;17;78;0;1;0;1;1;0;0;3
35;40;35;30;70;26;35;0;35;0;0;0;0;40;0;30;70;26;0;0;0;1;0;1;2
61;67;79;20;183;44;0;0;0;0;0;0;61;67;79;20;183;44;0;0;0;1;0;0;1
30;39;45;35;90;39;0;39;0;0;0;39;30;0;45;35;90;0;1;0;0;1;0;0;2
42;33;15;46;42;49;42;0;0;0;42;0;0;33;15;46;0;49;0;1;1;0;0;0;2
38;62;40;18;114;62;0;62;0;0;0;62;38;0;40;18;114;0;0;0;0;1;0;0;1
90;66;37;78;180;33;0;0;0;0;0;0;90;66;37;78;180;33;0;0;0;0;0;1;1
44;83;64;23;132;83;0;83;0;0;0;83;44;0;64;23;132;0;0;0;0;1;0;0;1
14;5;12;24;28;5;0;5;0;0;0;5;14;0;12;24;28;0;1;0;1;1;1;0;4
17;26;21;28;51;17;17;0;0;0;0;17;0;26;21;28;51;0;0;1;1;1;0;0;3
35;34;22;26;70;34;0;34;0;0;0;34;35;0;22;26;70;0;1;0;1;1;0;0;3
52;35;55;69;156;11;0;0;0;0;0;0;52;35;55;69;156;11;0;1;0;0;0;1;2
33;12;33;41;66;24;33;0;33;0;0;0;0;12;0;41;66;24;0;1;0;0;0;1;2
12;3;45;14;12;6;12;0;0;0;12;0;0;3;45;14;0;6;0;1;0;1;0;1;3
60;95;56;57;180;95;0;95;0;0;0;95;60;0;56;57;180;0;0;0;0;0;0;0;0
43;16;41;43;43;32;43;0;0;43;43;0;0;16;41;0;0;32;0;1;0;0;0;1;2
60;96;51;59;180;32;0;0;0;0;0;0;60;96;51;59;180;32;0;0;0;0;0;1;1
71;51;89;72;213;25;0;0;0;0;0;0;71;51;89;72;213;25;0;0;0;0;0;1;1
41;57;36;63;41;28;41;0;0;0;41;0;0;57;36;63;0;28;0;0;1;0;0;1;2
70;47;87;40;140;15;0;0;0;0;0;0;70;47;87;40;140;15;0;0;0;0;0;1;1
66;50;68;56;66;150;66;0;0;0;66;0;0;50;68;56;0;150;0;0;0;0;0;0;0
52;39;12;17;156;39;0;39;0;0;0;39;52;0;12;17;156;0;0;0;1;1;0;0;2
45;47;60;40;135;47;0;47;0;0;0;47;45;0;60;40;135;0;0;0;0;0;0;0;0
43;46;48;48;129;15;0;0;48;48;0;0;43;46;0;0;129;15;0;0;0;0;0;1;1
34;17;49;32;68;17;0;17;0;0;0;17;34;0;49;32;68;0;1;0;0;1;0;0;2
36;53;37;66;72;79;0;0;0;0;0;0;36;53;37;66;72;79;1;0;0;0;0;0;1
17;36;16;22;34;12;0;0;0;0;0;0;17;36;16;22;34;12;1;1;1;1;1;1;6
32;63;22;77;96;42;0;0;0;0;0;0;32;63;22;77;96;42;1;0;1;0;0;0;2
56;52;42;44;168;26;0;0;0;0;0;0;56;52;42;44;168;26;0;0;0;0;0;1;1
33;50;90;93;33;25;33;0;0;0;33;0;0;50;90;93;0;25;0;0;0;0;0;1;1
47;32;46;24;47;64;47;0;0;0;47;0;0;32;46;24;0;64;0;1;0;1;0;0;2
93;90;54;26;93;180;93;0;0;0;93;0;0;90;54;26;0;180;0;0;0;1;0;0;1
26;56;60;67;52;37;0;0;0;0;0;0;26;56;60;67;52;37;1;0;0;0;0;0;1
12;34;45;28;24;34;0;34;0;0;0;34;12;0;45;28;24;0;1;0;0;1;1;0;3
41;13;35;8;123;13;0;13;0;0;0;13;41;0;35;8;123;0;0;0;1;1;0;0;2
54;56;59;48;54;84;54;0;0;0;54;0;0;56;59;48;0;84;0;0;0;0;0;0;0
55;14;9;56;165;14;0;14;0;0;0;14;55;0;9;56;165;0;0;0;1;0;0;0;1
37;20;16;63;111;20;0;20;0;0;0;20;37;0;16;63;111;0;0;0;1;0;0;0;1
29;28;41;24;58;56;0;0;0;0;0;0;29;28;41;24;58;56;1;1;0;1;0;0;3
52;28;50;52;52;84;52;0;0;52;52;0;0;28;50;0;0;84;0;1;0;0;0;0;1
16;31;30;17;16;31;16;31;0;0;16;31;0;0;30;17;0;0;0;0;1;1;0;0;2
53;42;6;13;53;28;53;0;0;0;53;0;0;42;6;13;0;28;0;0;1;1;0;1;3
79;66;38;86;79;44;79;0;0;0;79;0;0;66;38;86;0;44;0;0;0;0;0;0;0
82;87;92;25;82;261;82;0;0;0;82;0;0;87;92;25;0;261;0;0;0;1;0;0;1
43;25;46;21;43;25;43;25;0;0;43;25;0;0;46;21;0;0;0;0;0;1;0;0;1
36;49;55;61;36;98;36;0;0;0;36;0;0;49;55;61;0;98;0;0;0;0;0;0;0
66;10;76;66;66;15;66;0;0;66;66;0;0;10;76;0;0;15;0;1;0;0;0;1;2
11;9;18;17;11;3;11;0;0;0;11;0;0;9;18;17;0;3;0;1;1;1;0;1;4
67;75;78;37;67;112;67;0;0;0;67;0;0;75;78;37;0;112;0;0;0;0;0;0;0
68;14;60;64;68;21;68;0;0;0;68;0;0;14;60;64;0;21;0;1;0;0;0;1;2
30;82;95;23;60;246;0;0;0;0;0;0;30;82;95;23;60;246;1;0;0;1;0;0;2
72;17;73;87;72;34;72;0;0;0;72;0;0;17;73;87;0;34;0;1;0;0;0;1;2
36;57;77;67;72;57;0;57;0;0;0;57;36;0;77;67;72;0;1;0;0;0;0;0;1
73;54;55;66;73;162;73;0;0;0;73;0;0;54;55;66;0;162;0;0;0;0;0;0;0
90;3;37;53;90;2;90;0;0;0;90;0;0;3;37;53;0;2;0;1;0;0;0;1;2
73;37;51;45;146;37;0;37;0;0;0;37;73;0;51;45;146;0;0;0;0;0;0;0;0
87;36;88;45;87;54;87;0;0;0;87;0;0;36;88;45;0;54;0;1;0;0;0;0;1
17;52;46;84;34;26;0;0;0;0;0;0;17;52;46;84;34;26;1;0;0;0;1;1;3
55;43;61;75;55;43;55;43;0;0;55;43;0;0;61;75;0;0;0;0;0;0;0;0;0
17;39;41;24;34;58;0;0;0;0;0;0;17;39;41;24;34;58;1;0;0;1;1;0;3
32;61;16;52;96;30;0;0;0;0;0;0;32;61;16;52;96;30;1;0;1;0;0;1;3
4;16;72;61;12;8;0;0;0;0;0;0;4;16;72;61;12;8;1;1;0;0;1;1;4
61;87;44;93;183;87;0;87;0;0;0;87;61;0;44;93;183;0;0;0;0;0;0;0;0
44;50;37;52;132;50;0;50;0;0;0;50;44;0;37;52;132;0;0;0;0;0;0;0;0
33;58;39;59;33;29;33;0;0;0;33;0;0;58;39;59;0;29;0;0;0;0;0;1;1
36;19;20;18;36;19;36;19;0;0;36;19;0;0;20;18;0;0;0;0;1;1;0;0;2
62;65;27;74;186;65;0;65;0;0;0;65;62;0;27;74;186;0;0;0;1;0;0;0;1
90;82;21;91;180;54;0;0;0;0;0;0;90;82;21;91;180;54;0;0;1;0;0;0;1
75;70;54;15;225;70;0;70;0;0;0;70;75;0;54;15;225;0;0;0;0;1;0;0;1
56;29;47;41;56;43;56;0;0;0;56;0;0;29;47;41;0;43;0;1;0;0;0;0;1
71;33;21;31;71;49;71;0;0;0;71;0;0;33;21;31;0;49;0;1;1;1;0;0;3
80;41;74;85;160;41;0;41;0;0;0;41;80;0;74;85;160;0;0;0;0;0;0;0;0
41;41;18;19;41;123;41;41;0;0;41;0;0;0;18;19;0;123;0;0;1;1;0;0;2
21;24;9;8;63;24;0;24;0;0;0;24;21;0;9;8;63;0;1;0;1;1;0;0;3
71;75;27;38;71;75;71;75;0;0;71;75;0;0;27;38;0;0;0;0;1;0;0;0;1
50;60;21;61;150;40;0;0;0;0;0;0;50;60;21;61;150;40;0;0;1;0;0;0;1
43;62;74;47;129;186;0;0;0;0;0;0;43;62;74;47;129;186;0;0;0;0;0;0;0
8;14;83;17;16;14;0;14;0;0;0;14;8;0;83;17;16;0;1;0;0;1;1;0;3
83;50;61;28;83;33;83;0;0;0;83;0;0;50;61;28;0;33;0;0;0;1;0;1;2
44;65;81;68;88;97;0;0;0;0;0;0;44;65;81;68;88;97;0;0;0;0;0;0;0
90;50;55;79;270;16;0;0;0;0;0;0;90;50;55;79;270;16;0;0;0;0;0;1;1
44;91;95;38;88;91;0;91;0;0;0;91;44;0;95;38;88;0;0;0;0;0;0;0;0
24;17;36;19;72;51;0;0;0;0;0;0;24;17;36;19;72;51;1;1;1;1;0;0;4
57;22;53;53;171;44;0;0;53;53;0;0;57;22;0;0;171;44;0;1;0;0;0;0;1
35;58;64;48;105;58;0;58;0;0;0;58;35;0;64;48;105;0;1;0;0;0;0;0;1
86;81;44;55;258;81;0;81;0;0;0;81;86;0;44;55;258;0;0;0;0;0;0;0;0
17;24;19;17;17;12;17;0;0;17;17;0;0;24;19;0;0;12;0;1;1;0;0;1;3
13;44;56;32;26;44;0;44;0;0;0;44;13;0;56;32;26;0;1;0;0;1;1;0;3
78;28;64;65;78;56;78;0;0;0;78;0;0;28;64;65;0;56;0;1;0;0;0;0;1
46;53;49;45;92;106;0;0;0;0;0;0;46;53;49;45;92;106;0;0;0;0;0;0;0
14;64;80;20;28;32;0;0;0;0;0;0;14;64;80;20;28;32;1;0;0;1;1;1;4
71;33;62;66;71;16;71;0;0;0;71;0;0;33;62;66;0;16;0;1;0;0;0;1;2
90;23;43;63;180;15;0;0;0;0;0;0;90;23;43;63;180;15;0;1;0;0;0;1;2
56;76;76;19;112;152;0;76;76;0;0;0;56;0;0;19;112;152;0;0;0;1;0;0;1
29;87;66;39;29;261;29;0;0;0;29;0;0;87;66;39;0;261;0;0;0;0;0;0;0
52;48;50;55;156;24;0;0;0;0;0;0;52;48;50;55;156;24;0;0;0;0;0;1;1
45;33;75;33;45;33;45;33;0;33;45;33;0;0;75;0;0;0;0;0;0;0;0;0;0
55;65;22;44;55;32;55;0;0;0;55;0;0;65;22;44;0;32;0;0;1;0;0;1;2
74;59;34;70;222;59;0;59;0;0;0;59;74;0;34;70;222;0;0;0;1;0;0;0;1
90;43;30;72;90;28;90;0;0;0;90;0;0;43;30;72;0;28;0;0;1;0;0;1;2
19;49;31;48;38;73;0;0;0;0;0;0;19;49;31;48;38;73;1;0;1;0;0;0;2
38;22;43;11;114;44;0;0;0;0;0;0;38;22;43;11;114;44;0;1;0;1;0;0;2
64;70;84;86;128;70;0;70;0;0;0;70;64;0;84;86;128;0;0;0;0;0;0;0;0
57;65;66;61;57;65;57;65;0;0;57;65;0;0;66;61;0;0;0;0;0;0;0;0;0
99;18;83;79;297;27;0;0;0;0;0;0;99;18;83;79;297;27;0;1;0;0;0;1;2
92;51;20;37;184;51;0;51;0;0;0;51;92;0;20;37;184;0;0;0;1;0;0;0;1
41;47;28;45;123;141;0;0;0;0;0;0;41;47;28;45;123;141;0;0;1;0;0;0;1
59;10;60;17;59;15;59;0;0;0;59;0;0;10;60;17;0;15;0;1;0;1;0;1;3
44;18;41;32;88;18;0;18;0;0;0;18;44;0;41;32;88;0;0;0;0;1;0;0;1
13;9;51;32;39;13;13;0;0;0;0;13;0;9;51;32;39;0;0;1;0;1;0;0;2
58;54;44;66;174;27;0;0;0;0;0;0;58;54;44;66;174;27;0;0;0;0;0;1;1
64;64;49;77;128;64;64;64;0;0;0;64;0;0;49;77;128;0;0;0;0;0;0;0;0
28;38;45;45;84;38;0;38;45;45;0;38;28;0;0;0;84;0;1;0;0;0;0;0;1
21;75;55;12;42;225;0;0;0;0;0;0;21;75;55;12;42;225;1;0;0;1;0;0;2
26;27;38;42;78;81;0;0;0;0;0;0;26;27;38;42;78;81;1;1;0;0;0;0;2
27;45;31;71;54;15;0;0;0;0;0;0;27;45;31;71;54;15;1;0;1;0;0;1;3
24;12;14;24;24;12;24;12;0;24;24;12;0;0;14;0;0;0;0;0;1;0;0;0;1
11;26;58;19;22;52;0;0;0;0;0;0;11;26;58;19;22;52;1;1;0;1;1;0;4
91;77;58;44;273;77;0;77;0;0;0;77;91;0;58;44;273;0;0;0;0;0;0;0;0
86;12;85;16;172;24;0;0;0;0;0;0;86;12;85;16;172;24;0;1;0;1;0;1;3
95;90;48;89;285;135;0;0;0;0;0;0;95;90;48;89;285;135;0;0;0;0;0;0;0
57;89;69;62;114;44;0;0;0;0;0;0;57;89;69;62;114;44;0;0;0;0;0;0;0
45;71;35;65;90;106;0;0;0;0;0;0;45;71;35;65;90;106;0;0;1;0;0;0;1
22;43;43;12;22;64;22;43;43;0;22;0;0;0;0;12;0;64;0;0;0;1;0;0;1
34;19;60;40;68;38;0;0;0;0;0;0;34;19;60;40;68;38;1;1;0;0;0;0;2
30;79;4;17;90;237;0;0;0;0;0;0;30;79;4;17;90;237;1;0;1;1;0;0;3
24;71;12;17;48;35;0;0;0;0;0;0;24;71;12;17;48;35;1;0;1;1;0;1;4
44;54;63;29;44;36;44;0;0;0;44;0;0;54;63;29;0;36;0;0;0;1;0;1;2
25;90;76;96;75;60;0;0;0;0;0;0;25;90;76;96;75;60;1;0;0;0;0;0;1
41;57;63;77;123;171;0;0;0;0;0;0;41;57;63;77;123;171;0;0;0;0;0;0;0
23;12;21;31;46;8;0;0;0;0;0;0;23;12;21;31;46;8;1;1;1;1;0;1;5
15;26;8;43;30;39;0;0;0;0;0;0;15;26;8;43;30;39;1;1;1;0;1;0;4
59;51;73;66;59;51;59;51;0;0;59;51;0;0;73;66;0;0;0;0;0;0;0;0;0
35;33;51;25;70;99;0;0;0;0;0;0;35;33;51;25;70;99;1;1;0;1;0;0;3
90;57;51;63;180;28;0;0;0;0;0;0;90;57;51;63;180;28;0;0;0;0;0;1;1
32;51;18;45;32;51;32;51;0;0;32;51;0;0;18;45;0;0;0;0;1;0;0;0;1
43;32;50;58;129;16;0;0;0;0;0;0;43;32;50;58;129;16;0;1;0;0;0;1;2
75;58;55;43;150;174;0;0;0;0;0;0;75;58;55;43;150;174;0;0;0;0;0;0;0
36;47;55;55;36;23;36;0;55;55;36;0;0;47;0;0;0;23;0;0;0;0;0;1;1
58;5;25;50;58;10;58;0;0;0;58;0;0;5;25;50;0;10;0;1;1;0;0;1;3
40;25;26;25;40;8;40;25;0;25;40;0;0;0;26;0;0;8;0;0;1;0;0;1;2
24;68;75;27;72;136;0;0;0;0;0;0;24;68;75;27;72;136;1;0;0;1;0;0;2
53;48;28;59;53;48;53;48;0;0;53;48;0;0;28;59;0;0;0;0;1;0;0;0;1
49;48;52;92;98;144;0;0;0;0;0;0;49;48;52;92;98;144;0;0;0;0;0;0;0
75;47;83;66;150;47;0;47;0;0;0;47;75;0;83;66;150;0;0;0;0;0;0;0;0
48;46;48;36;144;46;48;46;48;0;0;46;0;0;0;36;144;0;0;0;0;1;0;0;1
38;45;60;50;76;30;0;0;0;0;0;0;38;45;60;50;76;30;0;0;0;0;0;1;1
30;25;17;17;90;25;0;25;17;17;0;25;30;0;0;0;90;0;1;0;0;0;0;0;1
20;35;79;78;20;35;20;35;0;0;20;35;0;0;79;78;0;0;0;0;0;0;0;0;0
19;47;66;71;57;31;0;0;0;0;0;0;19;47;66;71;57;31;1;0;0;0;0;1;2
25;46;43;51;75;23;0;0;0;0;0;0;25;46;43;51;75;23;1;0;0;0;0;1;2
18;12;22;17;18;24;18;0;0;0;18;0;0;12;22;17;0;24;0;1;1;1;0;1;4
24;73;35;23;72;36;0;0;0;0;0;0;24;73;35;23;72;36;1;0;1;1;0;1;4
20;20;35;59;60;20;20;20;0;0;0;20;0;0;35;59;60;0;0;0;1;0;0;0;1
42;26;21;53;84;39;0;0;0;0;0;0;42;26;21;53;84;39;0;1;1;0;0;0;2
40;37;50;43;80;74;0;0;0;0;0;0;40;37;50;43;80;74;0;0;0;0;0;0;0
44;38;44;32;44;38;44;38;44;0;44;38;0;0;0;32;0;0;0;0;0;1;0;0;1
31;31;32;44;31;10;31;31;0;0;31;0;0;0;32;44;0;10;0;0;1;0;0;1;2
33;14;49;44;99;7;0;0;0;0;0;0;33;14;49;44;99;7;1;1;0;0;0;1;3
38;57;20;56;114;85;0;0;0;0;0;0;38;57;20;56;114;85;0;0;1;0;0;0;1
79;40;25;16;79;40;79;40;0;0;79;40;0;0;25;16;0;0;0;0;1;1;0;0;2
45;49;13;10;45;147;45;0;0;0;45;0;0;49;13;10;0;147;0;0;1;1;0;0;2
55;61;17;42;165;122;0;0;0;0;0;0;55;61;17;42;165;122;0;0;1;0;0;0;1
67;35;42;25;67;70;67;0;0;0;67;0;0;35;42;25;0;70;0;1;0;1;0;0;2
15;16;16;38;45;16;0;16;16;0;0;16;15;0;0;38;45;0;1;0;0;0;0;0;1
19;41;68;28;38;123;0;0;0;0;0;0;19;41;68;28;38;123;1;0;0;1;0;0;2
32;29;78;51;64;58;0;0;0;0;0;0;32;29;78;51;64;58;1;1;0;0;0;0;2
20;54;39;43;60;54;0;54;0;0;0;54;20;0;39;43;60;0;1;0;0;0;0;0;1
42;38;28;17;42;38;42;38;0;0;42;38;0;0;28;17;0;0;0;0;1;1;0;0;2
43;28;62;28;129;56;0;28;0;28;0;0;43;0;62;0;129;56;0;0;0;0;0;0;0
36;49;2;17;108;98;0;0;0;0;0;0;36;49;2;17;108;98;1;0;1;1;0;0;3
39;25;7;48;117;50;0;0;0;0;0;0;39;25;7;48;117;50;0;1;1;0;0;0;2
38;20;35;27;114;40;0;0;0;0;0;0;38;20;35;27;114;40;0;1;1;1;0;0;3
36;51;14;70;36;153;36;0;0;0;36;0;0;51;14;70;0;153;0;0;1;0;0;0;1
71;63;54;53;71;189;71;0;0;0;71;0;0;63;54;53;0;189;0;0;0;0;0;0;0
48;63;88;74;48;126;48;0;0;0;48;0;0;63;88;74;0;126;0;0;0;0;0;0;0
32;44;38;67;32;44;32;44;0;0;32;44;0;0;38;67;0;0;0;0;0;0;0;0;0
63;30;51;31;126;30;0;30;0;0;0;30;63;0;51;31;126;0;0;0;0;1;0;0;1
15;63;36;24;30;189;0;0;0;0;0;0;15;63;36;24;30;189;1;0;1;1;1;0;4
56;52;74;42;168;156;0;0;0;0;0;0;56;52;74;42;168;156;0;0;0;0;0;0;0
35;33;57;34;105;66;0;0;0;0;0;0;35;33;57;34;105;66;1;1;0;1;0;0;3
66;41;76;56;198;82;0;0;0;0;0;0;66;41;76;56;198;82;0;0;0;0;0;0;0
97;78;67;80;97;234;97;0;0;0;97;0;0;78;67;80;0;234;0;0;0;0;0;0;0
25;45;17;58;25;135;25;0;0;0;25;0;0;45;17;58;0;135;0;0;1;0;0;0;1
73;74;77;16;73;222;73;0;0;0;73;0;0;74;77;16;0;222;0;0;0;1;0;0;1
6;8;15;72;18;16;0;0;0;0;0;0;6;8;15;72;18;16;1;1;1;0;1;1;5
55;86;55;41;55;86;55;86;55;0;55;86;0;0;0;41;0;0;0;0;0;0;0;0;0
46;76;64;35;46;228;46;0;0;0;46;0;0;76;64;35;0;228;0;0;0;1;0;0;1
47;56;50;37;94;56;0;56;0;0;0;56;47;0;50;37;94;0;0;0;0;0;0;0;0
30;18;11;9;30;18;30;18;0;0;30;18;0;0;11;9;0;0;0;0;1;1;0;0;2
39;24;30;40;117;48;0;0;0;0;0;0;39;24;30;40;117;48;0;1;1;0;0;0;2
67;79;90;48;134;237;0;0;0;0;0;0;67;79;90;48;134;237;0;0;0;0;0;0;0
32;6;28;29;96;12;0;0;0;0;0;0;32;6;28;29;96;12;1;1;1;1;0;1;5
20;14;11;21;60;28;0;0;0;0;0;0;20;14;11;21;60;28;1;1;1;1;0;1;5
58;70;70;98;58;210;58;70;70;0;58;0;0;0;0;98;0;210;0;0;0;0;0;0;0
34;13;8;13;102;39;0;13;0;13;0;0;34;0;8;0;102;39;1;0;1;0;0;0;2
59;39;11;51;177;39;0;39;0;0;0;39;59;0;11;51;177;0;0;0;1;0;0;0;1
55;45;29;44;55;135;55;0;0;0;55;0;0;45;29;44;0;135;0;0;1;0;0;0;1
33;87;66;31;99;87;0;87;0;0;0;87;33;0;66;31;99;0;1;0;0;1;0;0;2
47;81;56;46;94;243;0;0;0;0;0;0;47;81;56;46;94;243;0;0;0;0;0;0;0
16;56;74;17;32;56;0;56;0;0;0;56;16;0;74;17;32;0;1;0;0;1;1;0;3
24;6;23;11;48;18;0;0;0;0;0;0;24;6;23;11;48;18;1;1;1;1;0;1;5
5;28;11;2;5;28;5;28;0;0;5;28;0;0;11;2;0;0;0;0;1;1;0;0;2
63;19;66;15;63;57;63;0;0;0;63;0;0;19;66;15;0;57;0;1;0;1;0;0;2
10;55;14;44;10;55;10;55;0;0;10;55;0;0;14;44;0;0;0;0;1;0;0;0;1
23;26;32;68;46;78;0;0;0;0;0;0;23;26;32;68;46;78;1;1;1;0;0;0;3
63;41;72;89;189;123;0;0;0;0;0;0;63;41;72;89;189;123;0;0;0;0;0;0;0
56;20;48;54;112;20;0;20;0;0;0;20;56;0;48;54;112;0;0;0;0;0;0;0;0
44;86;41;79;132;172;0;0;0;0;0;0;44;86;41;79;132;172;0;0;0;0;0;0;0
19;59;27;16;19;59;19;59;0;0;19;59;0;0;27;16;0;0;0;0;1;1;0;0;2
52;50;16;88;104;150;0;0;0;0;0;0;52;50;16;88;104;150;0;0;1;0;0;0;1
88;52;52;57;88;104;88;52;52;0;88;0;0;0;0;57;0;104;0;0;0;0;0;0;0
30;41;35;62;60;41;0;41;0;0;0;41;30;0;35;62;60;0;1;0;1;0;0;0;2
60;82;83;99;60;246;60;0;0;0;60;0;0;82;83;99;0;246;0;0;0;0;0;0;0
23;37;61;46;69;74;0;0;0;0;0;0;23;37;61;46;69;74;1;0;0;0;0;0;1
23;83;85;82;69;83;0;83;0;0;0;83;23;0;85;82;69;0;1;0;0;0;0;0;1
46;45;44;49;92;135;0;0;0;0;0;0;46;45;44;49;92;135;0;0;0;0;0;0;0
68;72;69;80;136;72;0;72;0;0;0;72;68;0;69;80;136;0;0;0;0;0;0;0;0
53;69;22;10;53;69;53;69;0;0;53;69;0;0;22;10;0;0;0;0;1;1;0;0;2
53;68;35;55;106;204;0;0;0;0;0;0;53;68;35;55;106;204;0;0;1;0;0;0;1
31;53;57;70;62;159;0;0;0;0;0;0;31;53;57;70;62;159;1;0;0;0;0;0;1
95;86;73;58;190;172;0;0;0;0;0;0;95;86;73;58;190;172;0;0;0;0;0;0;0
32;76;19;93;64;228;0;0;0;0;0;0;32;76;19;93;64;228;1;0;1;0;0;0;2
52;23;29;52;52;69;52;0;0;52;52;0;0;23;29;0;0;69;0;1;1;0;0;0;2
52;64;48;49;52;192;52;0;0;0;52;0;0;64;48;49;0;192;0;0;0;0;0;0;0
33;20;24;31;66;20;0;20;0;0;0;20;33;0;24;31;66;0;1;0;1;1;0;0;3
81;44;31;32;243;132;0;0;0;0;0;0;81;44;31;32;243;132;0;0;1;1;0;0;2
70;82;71;67;210;164;0;0;0;0;0;0;70;82;71;67;210;164;0;0;0;0;0;0;0
91;81;42;54;273;162;0;0;0;0;0;0;91;81;42;54;273;162;0;0;0;0;0;0;0
60;55;62;94;180;165;0;0;0;0;0;0;60;55;62;94;180;165;0;0;0;0;0;0;0
63;38;47;68;63;76;63;0;0;0;63;0;0;38;47;68;0;76;0;0;0;0;0;0;0
28;63;9;62;56;189;0;0;0;0;0;0;28;63;9;62;56;189;1;0;1;0;0;0;2
10;13;24;12;10;26;10;0;0;0;10;0;0;13;24;12;0;26;0;1;1;1;0;1;4
32;64;75;15;32;64;32;64;0;0;32;64;0;0;75;15;0;0;0;0;0;1;0;0;1
33;25;34;34;33;75;33;0;34;34;33;0;0;25;0;0;0;75;0;1;0;0;0;0;1
77;49;15;65;154;147;0;0;0;0;0;0;77;49;15;65;154;147;0;0;1;0;0;0;1
30;90;53;46;30;270;30;0;0;0;30;0;0;90;53;46;0;270;0;0;0;0;0;0;0
35;37;65;41;35;37;35;37;0;0;35;37;0;0;65;41;0;0;0;0;0;0;0;0;0
81;79;72;70;81;158;81;0;0;0;81;0;0;79;72;70;0;158;0;0;0;0;0;0;0
58;8;28;27;116;24;0;0;0;0;0;0;58;8;28;27;116;24;0;1;1;1;0;1;4
73;52;49;70;219;52;0;52;0;0;0;52;73;0;49;70;219;0;0;0;0;0;0;0;0
24;53;41;54;48;53;0;53;0;0;0;53;24;0;41;54;48;0;1;0;0;0;0;0;1
57;80;65;80;171;80;0;80;0;80;0;80;57;0;65;0;171;0;0;0;0;0;0;0;0
10;76;67;31;20;152;0;0;0;0;0;0;10;76;67;31;20;152;1;0;0;1;1;0;3
23;45;40;15;46;45;0;45;0;0;0;45;23;0;40;15;46;0;1;0;0;1;0;0;2
9;12;76;9;18;12;9;12;0;9;0;12;0;0;76;0;18;0;0;0;0;0;1;0;1
20;76;73;21;20;228;20;0;0;0;20;0;0;76;73;21;0;228;0;0;0;1;0;0;1
35;42;33;27;35;84;35;0;0;0;35;0;0;42;33;27;0;84;0;0;1;1;0;0;2
73;81;80;72;73;162;73;0;0;0;73;0;0;81;80;72;0;162;0;0;0;0;0;0;0
37;93;34;94;74;93;0;93;0;0;0;93;37;0;34;94;74;0;0;0;1;0;0;0;1
23;43;16;12;23;43;23;43;0;0;23;43;0;0;16;12;0;0;0;0;1;1;0;0;2
63;42;38;43;189;42;0;42;0;0;0;42;63;0;38;43;189;0;0;0;0;0;0;0;0
9;49;7;60;27;98;0;0;0;0;0;0;9;49;7;60;27;98;1;0;1;0;1;0;3
25;17;19;24;25;34;25;0;0;0;25;0;0;17;19;24;0;34;0;1;1;1;0;1;4
35;35;54;20;70;35;35;35;0;0;0;35;0;0;54;20;70;0;0;0;0;1;0;0;1
87;59;96;56;174;118;0;0;0;0;0;0;87;59;96;56;174;118;0;0;0;0;0;0;0
75;54;72;45;75;162;75;0;0;0;75;0;0;54;72;45;0;162;0;0;0;0;0;0;0
68;63;42;25;68;126;68;0;0;0;68;0;0;63;42;25;0;126;0;0;0;1;0;0;1
27;47;52;18;54;94;0;0;0;0;0;0;27;47;52;18;54;94;1;0;0;1;0;0;2
52;32;64;67;104;32;0;32;0;0;0;32;52;0;64;67;104;0;0;0;0;0;0;0;0
44;33;69;46;44;33;44;33;0;0;44;33;0;0;69;46;0;0;0;0;0;0;0;0;0
57;26;44;58;171;78;0;0;0;0;0;0;57;26;44;58;171;78;0;1;0;0;0;0;1
38;53;82;48;76;106;0;0;0;0;0;0;38;53;82;48;76;106;0;0;0;0;0;0;0
55;63;71;69;165;63;0;63;0;0;0;63;55;0;71;69;165;0;0;0;0;0;0;0;0
73;39;36;40;146;78;0;0;0;0;0;0;73;39;36;40;146;78;0;0;1;0;0;0;1
49;23;16;42;49;23;49;23;0;0;49;23;0;0;16;42;0;0;0;0;1;0;0;0;1
51;40;38;46;153;40;0;40;0;0;0;40;51;0;38;46;153;0;0;0;0;0;0;0;0
25;2;18;23;50;4;0;0;0;0;0;0;25;2;18;23;50;4;1;1;1;1;0;1;5
36;81;45;37;36;81;36;81;0;0;36;81;0;0;45;37;0;0;0;0;0;0;0;0;0
28;21;40;43;56;21;0;21;0;0;0;21;28;0;40;43;56;0;1;0;0;0;0;0;1
16;12;22;14;48;24;0;0;0;0;0;0;16;12;22;14;48;24;1;1;1;1;0;1;5
28;69;68;53;56;207;0;0;0;0;0;0;28;69;68;53;56;207;1;0;0;0;0;0;1
3;61;22;16;9;61;0;61;0;0;0;61;3;0;22;16;9;0;1;0;1;1;1;0;4
42;75;80;27;126;225;0;0;0;0;0;0;42;75;80;27;126;225;0;0;0;1;0;0;1
39;41;49;30;117;41;0;41;0;0;0;41;39;0;49;30;117;0;0;0;0;1;0;0;1
45;57;79;80;45;114;45;0;0;0;45;0;0;57;79;80;0;114;0;0;0;0;0;0;0
59;45;67;52;59;45;59;45;0;0;59;45;0;0;67;52;0;0;0;0;0;0;0;0;0
34;36;81;22;102;36;0;36;0;0;0;36;34;0;81;22;102;0;1;0;0;1;0;0;2
66;20;69;46;198;40;0;0;0;0;0;0;66;20;69;46;198;40;0;1;0;0;0;0;1
66;67;55;53;66;201;66;0;0;0;66;0;0;67;55;53;0;201;0;0;0;0;0;0;0
33;26;17;39;66;26;0;26;0;0;0;26;33;0;17;39;66;0;1;0;1;0;0;0;2
85;27;88;25;85;81;85;0;0;0;85;0;0;27;88;25;0;81;0;1;0;1;0;0;2
41;65;27;66;82;130;0;0;0;0;0;0;41;65;27;66;82;130;0;0;1;0;0;0;1
45;34;39;54;45;34;45;34;0;0;45;34;0;0;39;54;0;0;0;0;0;0;0;0;0
39;40;31;46;39;120;39;0;0;0;39;0;0;40;31;46;0;120;0;0;1;0;0;0;1
35;44;55;39;35;132;35;0;0;0;35;0;0;44;55;39;0;132;0;0;0;0;0;0;0
25;8;31;47;75;24;0;0;0;0;0;0;25;8;31;47;75;24;1;1;1;0;0;1;4
45;39;71;41;45;78;45;0;0;0;45;0;0;39;71;41;0;78;0;0;0;0;0;0;0
68;73;67;22;136;73;0;73;0;0;0;73;68;0;67;22;136;0;0;0;0;1;0;0;1
38;70;48;49;114;70;0;70;0;0;0;70;38;0;48;49;114;0;0;0;0;0;0;0;0
67;48;55;76;134;144;0;0;0;0;0;0;67;48;55;76;134;144;0;0;0;0;0;0;0
58;63;90;54;58;63;58;63;0;0;58;63;0;0;90;54;0;0;0;0;0;0;0;0;0
58;24;46;33;58;72;58;0;0;0;58;0;0;24;46;33;0;72;0;1;0;1;0;0;2
49;92;56;88;49;184;49;0;0;0;49;0;0;92;56;88;0;184;0;0;0;0;0;0;0
50;53;56;37;50;106;50;0;0;0;50;0;0;53;56;37;0;106;0;0;0;0;0;0;0
40;31;65;74;40;93;40;0;0;0;40;0;0;31;65;74;0;93;0;1;0;0;0;0;1
38;41;83;83;38;123;38;0;83;83;38;0;0;41;0;0;0;123;0;0;0;0;0;0;0
85;28;32;48;255;56;0;0;0;0;0;0;85;28;32;48;255;56;0;1;1;0;0;0;2
48;43;93;49;144;129;0;0;0;0;0;0;48;43;93;49;144;129;0;0;0;0;0;0;0
36;30;32;56;108;60;0;0;0;0;0;0;36;30;32;56;108;60;1;1;1;0;0;0;3
86;52;24;40;172;156;0;0;0;0;0;0;86;52;24;40;172;156;0;0;1;0;0;0;1
8;39;60;10;24;39;0;39;0;0;0;39;8;0;60;10;24;0;1;0;0;1;1;0;3
77;44;30;48;154;44;0;44;0;0;0;44;77;0;30;48;154;0;0;0;1;0;0;0;1
46;63;55;58;92;126;0;0;0;0;0;0;46;63;55;58;92;126;0;0;0;0;0;0;0
38;8;31;33;38;8;38;8;0;0;38;8;0;0;31;33;0;0;0;0;1;1;0;0;2
52;65;58;90;156;130;0;0;0;0;0;0;52;65;58;90;156;130;0;0;0;0;0;0;0
71;75;37;77;213;150;0;0;0;0;0;0;71;75;37;77;213;150;0;0;0;0;0;0;0
49;72;51;42;98;144;0;0;0;0;0;0;49;72;51;42;98;144;0;0;0;0;0;0;0
45;59;73;42;45;118;45;0;0;0;45;0;0;59;73;42;0;118;0;0;0;0;0;0;0
11;45;11;57;11;45;11;45;11;0;11;45;0;0;0;57;0;0;0;0;0;0;0;0;0
49;61;13;72;49;122;49;0;0;0;49;0;0;61;13;72;0;122;0;0;1;0;0;0;1
10;27;29;23;30;27;0;27;0;0;0;27;10;0;29;23;30;0;1;0;1;1;1;0;4
40;36;41;28;40;36;40;36;0;0;40;36;0;0;41;28;0;0;0;0;0;1;0;0;1
12;32;13;35;36;64;0;0;0;0;0;0;12;32;13;35;36;64;1;1;1;1;1;0;5
77;19;54;20;154;38;0;0;0;0;0;0;77;19;54;20;154;38;0;1;0;1;0;0;2
57;41;37;60;57;82;57;0;0;0;57;0;0;41;37;60;0;82;0;0;0;0;0;0;0
38;32;33;36;38;64;38;0;0;0;38;0;0;32;33;36;0;64;0;1;1;1;0;0;3
33;41;36;54;99;41;0;41;0;0;0;41;33;0;36;54;99;0;1;0;1;0;0;0;2
79;41;75;22;158;82;0;0;0;0;0;0;79;41;75;22;158;82;0;0;0;1;0;0;1
51;43;14;20;102;86;0;0;0;0;0;0;51;43;14;20;102;86;0;0;1;1;0;0;2
31;23;54;29;31;69;31;0;0;0;31;0;0;23;54;29;0;69;0;1;0;1;0;0;2
100;48;45;91;100;144;100;0;0;0;100;0;0;48;45;91;0;144;0;0;0;0;0;0;0
59;38;56;39;118;38;0;38;0;0;0;38;59;0;56;39;118;0;0;0;0;0;0;0;0
56;30;64;100;168;90;0;0;0;0;0;0;56;30;64;100;168;90;0;1;0;0;0;0;1
76;77;17;28;228;231;0;0;0;0;0;0;76;77;17;28;228;231;0;0;1;1;0;0;2
17;21;30;30;51;63;0;0;30;30;0;0;17;21;0;0;51;63;1;1;0;0;0;0;2
48;63;45;41;48;189;48;0;0;0;48;0;0;63;45;41;0;189;0;0;0;0;0;0;0
77;32;60;40;154;32;0;32;0;0;0;32;77;0;60;40;154;0;0;0;0;0;0;0;0
46;58;34;32;46;174;46;0;0;0;46;0;0;58;34;32;0;174;0;0;1;1;0;0;2
43;44;31;51;129;132;0;0;0;0;0;0;43;44;31;51;129;132;0;0;1;0;0;0;1
30;44;46;40;30;132;30;0;0;0;30;0;0;44;46;40;0;132;0;0;0;0;0;0;0
79;69;71;64;237;69;0;69;0;0;0;69;79;0;71;64;237;0;0;0;0;0;0;0;0
72;69;62;59;216;207;0;0;0;0;0;0;72;69;62;59;216;207;0;0;0;0;0;0;0
8;84;67;36;16;84;0;84;0;0;0;84;8;0;67;36;16;0;1;0;0;1;1;0;3
34;40;50;58;102;40;0;40;0;0;0;40;34;0;50;58;102;0;1;0;0;0;0;0;1
81;50;25;54;243;150;0;0;0;0;0;0;81;50;25;54;243;150;0;0;1;0;0;0;1
37;25;85;16;74;25;0;25;0;0;0;25;37;0;85;16;74;0;0;0;0;1;0;0;1
66;54;38;22;66;54;66;54;0;0;66;54;0;0;38;22;0;0;0;0;0;1;0;0;1
67;76;44;60;67;228;67;0;0;0;67;0;0;76;44;60;0;228;0;0;0;0;0;0;0
77;64;35;86;154;64;0;64;0;0;0;64;77;0;35;86;154;0;0;0;1;0;0;0;1
39;30;50;55;78;60;0;0;0;0;0;0;39;30;50;55;78;60;0;1;0;0;0;0;1
54;48;21;37;162;96;0;0;0;0;0;0;54;48;21;37;162;96;0;0;1;0;0;0;1
30;51;68;29;90;102;0;0;0;0;0;0;30;51;68;29;90;102;1;0;0;1;0;0;2
30;27;9;10;60;54;0;0;0;0;0;0;30;27;9;10;60;54;1;1;1;1;0;0;4
42;19;13;10;84;57;0;0;0;0;0;0;42;19;13;10;84;57;0;1;1;1;0;0;3
41;42;14;45;41;126;41;0;0;0;41;0;0;42;14;45;0;126;0;0;1;0;0;0;1
37;83;11;81;74;83;0;83;0;0;0;83;37;0;11;81;74;0;0;0;1;0;0;0;1
56;41;45;46;56;82;56;0;0;0;56;0;0;41;45;46;0;82;0;0;0;0;0;0;0
41;42;37;66;41;126;41;0;0;0;41;0;0;42;37;66;0;126;0;0;0;0;0;0;0
94;74;73;54;94;74;94;74;0;0;94;74;0;0;73;54;0;0;0;0;0;0;0;0;0
47;22;27;27;141;66;0;0;27;27;0;0;47;22;0;0;141;66;0;1;0;0;0;0;1
43;42;33;53;43;84;43;0;0;0;43;0;0;42;33;53;0;84;0;0;1;0;0;0;1
79;71;49;87;237;71;0;71;0;0;0;71;79;0;49;87;237;0;0;0;0;0;0;0;0
33;23;21;63;99;69;0;0;0;0;0;0;33;23;21;63;99;69;1;1;1;0;0;0;3
29;43;81;91;58;43;0;43;0;0;0;43;29;0;81;91;58;0;1;0;0;0;0;0;1
17;43;46;32;17;129;17;0;0;0;17;0;0;43;46;32;0;129;0;0;0;1;0;0;1
36;40;90;38;108;40;0;40;0;0;0;40;36;0;90;38;108;0;1;0;0;0;0;0;1
19;61;48;54;38;122;0;0;0;0;0;0;19;61;48;54;38;122;1;0;0;0;0;0;1
33;17;39;8;33;17;33;17;0;0;33;17;0;0;39;8;0;0;0;0;0;1;0;0;1
22;39;26;25;44;39;0;39;0;0;0;39;22;0;26;25;44;0;1;0;1;1;0;0;3
92;32;85;43;276;32;0;32;0;0;0;32;92;0;85;43;276;0;0;0;0;0;0;0;0
29;14;78;66;87;14;0;14;0;0;0;14;29;0;78;66;87;0;1;0;0;0;0;0;1
8;48;19;42;16;96;0;0;0;0;0;0;8;48;19;42;16;96;1;0;1;0;1;0;3
28;29;51;81;56;87;0;0;0;0;0;0;28;29;51;81;56;87;1;1;0;0;0;0;2
97;75;34;95;291;225;0;0;0;0;0;0;97;75;34;95;291;225;0;0;1;0;0;0;1
74;33;63;16;74;99;74;0;0;0;74;0;0;33;63;16;0;99;0;1;0;1;0;0;2
31;36;20;23;31;72;31;0;0;0;31;0;0;36;20;23;0;72;0;1;1;1;0;0;3
28;44;57;15;28;44;28;44;0;0;28;44;0;0;57;15;0;0;0;0;0;1;0;0;1
87;26;37;59;174;52;0;0;0;0;0;0;87;26;37;59;174;52;0;1;0;0;0;0;1
62;79;43;87;124;237;0;0;0;0;0;0;62;79;43;87;124;237;0;0;0;0;0;0;0
46;39;39;45;92;39;0;39;39;0;0;39;46;0;0;45;92;0;0;0;0;0;0;0;0
79;11;19;57;237;22;0;0;0;0;0;0;79;11;19;57;237;22;0;1;1;0;0;1;3
65;39;33;58;65;39;65;39;0;0;65;39;0;0;33;58;0;0;0;0;1;0;0;0;1
74;39;56;57;74;39;74;39;0;0;74;39;0;0;56;57;0;0;0;0;0;0;0;0;0
25;61;47;24;50;61;0;61;0;0;0;61;25;0;47;24;50;0;1;0;0;1;0;0;2
76;88;74;59;152;176;0;0;0;0;0;0;76;88;74;59;152;176;0;0;0;0;0;0;0
11;38;51;11;33;76;11;0;0;11;0;0;0;38;51;0;33;76;0;0;0;0;1;0;1
59;34;57;22;59;34;59;34;0;0;59;34;0;0;57;22;0;0;0;0;0;1;0;0;1
26;81;46;54;26;243;26;0;0;0;26;0;0;81;46;54;0;243;0;0;0;0;0;0;0
27;43;37;70;81;86;0;0;0;0;0;0;27;43;37;70;81;86;1;0;0;0;0;0;1
42;53;57;41;126;159;0;0;0;0;0;0;42;53;57;41;126;159;0;0;0;0;0;0;0
39;39;21;82;39;78;39;39;0;0;39;0;0;0;21;82;0;78;0;0;1;0;0;0;1
13;43;52;50;13;129;13;0;0;0;13;0;0;43;52;50;0;129;0;0;0;0;0;0;0
53;79;73;56;53;237;53;0;0;0;53;0;0;79;73;56;0;237;0;0;0;0;0;0;0
96;67;67;74;96;201;96;67;67;0;96;0;0;0;0;74;0;201;0;0;0;0;0;0;0
20;40;46;61;60;40;0;40;0;0;0;40;20;0;46;61;60;0;1;0;0;0;0;0;1
8;39;11;44;16;39;0;39;0;0;0;39;8;0;11;44;16;0;1;0;1;0;1;0;3
35;60;13;12;105;180;0;0;0;0;0;0;35;60;13;12;105;180;1;0;1;1;0;0;3
82;80;37;66;82;160;82;0;0;0;82;0;0;80;37;66;0;160;0;0;0;0;0;0;0
86;76;86;54;172;152;86;0;86;0;0;0;0;76;0;54;172;152;0;0;0;0;0;0;0
73;41;43;10;73;82;73;0;0;0;73;0;0;41;43;10;0;82;0;0;0;1;0;0;1
44;41;68;44;44;123;44;0;0;44;44;0;0;41;68;0;0;123;0;0;0;0;0;0;0
13;7;18;25;39;7;0;7;0;0;0;7;13;0;18;25;39;0;1;0;1;1;0;0;3
67;63;53;57;201;63;0;63;0;0;0;63;67;0;53;57;201;0;0;0;0;0;0;0;0
61;55;34;37;183;55;0;55;0;0;0;55;61;0;34;37;183;0;0;0;1;0;0;0;1
59;38;52;47;177;114;0;0;0;0;0;0;59;38;52;47;177;114;0;0;0;0;0;0;0
37;40;53;47;74;40;0;40;0;0;0;40;37;0;53;47;74;0;0;0;0;0;0;0;0
48;72;78;65;96;72;0;72;0;0;0;72;48;0;78;65;96;0;0;0;0;0;0;0;0
74;72;42;85;74;216;74;0;0;0;74;0;0;72;42;85;0;216;0;0;0;0;0;0;0
69;16;33;24;69;32;69;0;0;0;69;0;0;16;33;24;0;32;0;1;1;1;0;1;4
50;85;27;53;50;170;50;0;0;0;50;0;0;85;27;53;0;170;0;0;1;0;0;0;1
38;44;70;74;38;88;38;0;0;0;38;0;0;44;70;74;0;88;0;0;0;0;0;0;0
56;73;44;67;168;146;0;0;0;0;0;0;56;73;44;67;168;146;0;0;0;0;0;0;0
64;80;79;44;64;160;64;0;0;0;64;0;0;80;79;44;0;160;0;0;0;0;0;0;0
25;34;35;38;75;68;0;0;0;0;0;0;25;34;35;38;75;68;1;1;1;0;0;0;3
31;38;25;48;93;76;0;0;0;0;0;0;31;38;25;48;93;76;1;0;1;0;0;0;2
21;72;54;6;63;72;0;72;0;0;0;72;21;0;54;6;63;0;1;0;0;1;0;0;2
56;17;7;42;56;34;56;0;0;0;56;0;0;17;7;42;0;34;0;1;1;0;0;1;3
66;29;74;2;132;87;0;0;0;0;0;0;66;29;74;2;132;87;0;1;0;1;0;0;2
18;40;37;21;54;120;0;0;0;0;0;0;18;40;37;21;54;120;1;0;0;1;0;0;2
57;84;94;19;114;252;0;0;0;0;0;0;57;84;94;19;114;252;0;0;0;1;0;0;1
20;90;27;43;40;180;0;0;0;0;0;0;20;90;27;43;40;180;1;0;1;0;0;0;2
48;72;50;22;96;72;0;72;0;0;0;72;48;0;50;22;96;0;0;0;0;1;0;0;1
57;50;29;47;57;50;57;50;0;0;57;50;0;0;29;47;0;0;0;0;1;0;0;0;1
90;32;22;71;180;64;0;0;0;0;0;0;90;32;22;71;180;64;0;1;1;0;0;0;2
44;57;40;71;132;171;0;0;0;0;0;0;44;57;40;71;132;171;0;0;0;0;0;0;0
35;48;35;31;70;48;35;48;35;0;0;48;0;0;0;31;70;0;0;0;0;1;0;0;1
56;45;48;43;112;45;0;45;0;0;0;45;56;0;48;43;112;0;0;0;0;0;0;0;0
41;44;47;49;82;132;0;0;0;0;0;0;41;44;47;49;82;132;0;0;0;0;0;0;0
42;79;77;71;126;158;0;0;0;0;0;0;42;79;77;71;126;158;0;0;0;0;0;0;0
30;70;53;26;90;210;0;0;0;0;0;0;30;70;53;26;90;210;1;0;0;1;0;0;2
67;67;53;31;134;134;67;67;0;0;134;134;0;0;53;31;0;0;0;0;0;1;0;0;1
28;26;21;29;56;52;0;0;0;0;0;0;28;26;21;29;56;52;1;1;1;1;0;0;4
89;24;69;18;178;72;0;0;0;0;0;0;89;24;69;18;178;72;0;1;0;1;0;0;2
54;60;63;78;108;60;0;60;0;0;0;60;54;0;63;78;108;0;0;0;0;0;0;0;0
56;72;44;45;112;216;0;0;0;0;0;0;56;72;44;45;112;216;0;0;0;0;0;0;0
63;41;77;23;63;82;63;0;0;0;63;0;0;41;77;23;0;82;0;0;0;1;0;0;1
35;47;23;42;105;141;0;0;0;0;0;0;35;47;23;42;105;141;1;0;1;0;0;0;2
35;11;31;45;35;33;35;0;0;0;35;0;0;11;31;45;0;33;0;1;1;0;0;1;3
26;32;38;28;78;32;0;32;0;0;0;32;26;0;38;28;78;0;1;0;0;1;0;0;2
59;26;44;71;118;26;0;26;0;0;0;26;59;0;44;71;118;0;0;0;0;0;0;0;0
27;59;38;24;81;177;0;0;0;0;0;0;27;59;38;24;81;177;1;0;0;1;0;0;2
41;60;77;92;82;120;0;0;0;0;0;0;41;60;77;92;82;120;0;0;0;0;0;0;0
76;89;71;15;228;267;0;0;0;0;0;0;76;89;71;15;228;267;0;0;0;1;0;0;1
50;93;92;81;50;186;50;0;0;0;50;0;0;93;92;81;0;186;0;0;0;0;0;0;0
28;32;38;45;28;64;28;0;0;0;28;0;0;32;38;45;0;64;0;1;0;0;0;0;1
88;60;74;57;88;120;88;0;0;0;88;0;0;60;74;57;0;120;0;0;0;0;0;0;0
72;80;7;42;216;160;0;0;0;0;0;0;72;80;7;42;216;160;0;0;1;0;0;0;1
87;50;58;56;261;150;0;0;0;0;0;0;87;50;58;56;261;150;0;0;0;0;0;0;0
5;15;65;42;5;30;5;0;0;0;5;0;0;15;65;42;0;30;0;1;0;0;0;1;2
65;41;73;70;65;123;65;0;0;0;65;0;0;41;73;70;0;123;0;0;0;0;0;0;0
57;40;51;78;171;80;0;0;0;0;0;0;57;40;51;78;171;80;0;0;0;0;0;0;0
40;49;53;2;120;98;0;0;0;0;0;0;40;49;53;2;120;98;0;0;0;1;0;0;1
39;67;83;85;117;201;0;0;0;0;0;0;39;67;83;85;117;201;0;0;0;0;0;0;0
52;74;75;65;104;148;0;0;0;0;0;0;52;74;75;65;104;148;0;0;0;0;0;0;0
81;49;85;74;162;49;0;49;0;0;0;49;81;0;85;74;162;0;0;0;0;0;0;0;0
1;11;40;62;1;11;1;11;0;0;1;11;0;0;40;62;0;0;0;0;0;0;0;0;0
31;27;25;14;31;54;31;0;0;0;31;0;0;27;25;14;0;54;0;1;1;1;0;0;3
42;28;37;39;84;28;0;28;0;0;0;28;42;0;37;39;84;0;0;0;0;0;0;0;0
66;77;39;73;66;231;66;0;0;0;66;0;0;77;39;73;0;231;0;0;0;0;0;0;0
65;61;90;62;130;122;0;0;0;0;0;0;65;61;90;62;130;122;0;0;0;0;0;0;0
21;23;39;36;63;46;0;0;0;0;0;0;21;23;39;36;63;46;1;1;0;1;0;0;3
29;47;43;30;87;47;0;47;0;0;0;47;29;0;43;30;87;0;1;0;0;1;0;0;2
81;69;45;23;243;69;0;69;0;0;0;69;81;0;45;23;243;0;0;0;0;1;0;0;1
45;71;19;60;45;142;45;0;0;0;45;0;0;71;19;60;0;142;0;0;1;0;0;0;1
30;15;31;45;60;30;30;0;0;0;0;30;0;15;31;45;60;0;0;1;1;0;0;0;2
59;91;24;28;118;182;0;0;0;0;0;0;59;91;24;28;118;182;0;0;1;1;0;0;2
31;7;45;22;62;7;0;7;0;0;0;7;31;0;45;22;62;0;1;0;0;1;0;0;2
67;40;68;17;67;80;67;0;0;0;67;0;0;40;68;17;0;80;0;0;0;1;0;0;1
28;30;30;31;28;60;28;30;30;0;28;0;0;0;0;31;0;60;0;0;0;1;0;0;1
33;45;27;78;66;135;0;0;0;0;0;0;33;45;27;78;66;135;1;0;1;0;0;0;2
59;67;55;41;177;67;0;67;0;0;0;67;59;0;55;41;177;0;0;0;0;0;0;0;0
64;54;81;11;192;162;0;0;0;0;0;0;64;54;81;11;192;162;0;0;0;1;0;0;1
21;38;58;40;63;38;0;38;0;0;0;38;21;0;58;40;63;0;1;0;0;0;0;0;1
36;44;81;68;36;44;36;44;0;0;36;44;0;0;81;68;0;0;0;0;0;0;0;0;0
43;76;11;85;129;228;0;0;0;0;0;0;43;76;11;85;129;228;0;0;1;0;0;0;1
44;16;39;59;44;16;44;16;0;0;44;16;0;0;39;59;0;0;0;0;0;0;0;0;0
71;52;40;29;71;104;71;0;0;0;71;0;0;52;40;29;0;104;0;0;0;1;0;0;1
60;50;61;52;120;50;0;50;0;0;0;50;60;0;61;52;120;0;0;0;0;0;0;0;0
45;64;28;50;135;128;0;0;0;0;0;0;45;64;28;50;135;128;0;0;1;0;0;0;1
15;2;43;39;15;2;15;2;0;0;15;2;0;0;43;39;0;0;0;0;0;0;0;0;0
56;10;27;16;112;30;0;0;0;0;0;0;56;10;27;16;112;30;0;1;1;1;0;1;4
13;7;59;20;39;7;0;7;0;0;0;7;13;0;59;20;39;0;1;0;0;1;0;0;2
65;71;48;85;195;71;0;71;0;0;0;71;65;0;48;85;195;0;0;0;0;0;0;0;0
45;45;22;42;90;90;45;45;0;0;90;90;0;0;22;42;0;0;0;0;1;0;0;0;1
48;60;72;46;48;60;48;60;0;0;48;60;0;0;72;46;0;0;0;0;0;0;0;0;0
49;60;79;68;98;180;0;0;0;0;0;0;49;60;79;68;98;180;0;0;0;0;0;0;0
27;47;62;41;27;141;27;0;0;0;27;0;0;47;62;41;0;141;0;0;0;0;0;0;0
92;64;24;46;92;64;92;64;0;0;92;64;0;0;24;46;0;0;0;0;1;0;0;0;1
25;50;48;17;50;50;0;50;0;0;50;50;25;0;48;17;0;0;1;0;0;1;0;0;2
74;48;68;54;148;48;0;48;0;0;0;48;74;0;68;54;148;0;0;0;0;0;0;0;0
16;21;43;31;48;63;0;0;0;0;0;0;16;21;43;31;48;63;1;1;0;1;0;0;3
18;4;14;10;18;8;18;0;0;0;18;0;0;4;14;10;0;8;0;1;1;1;0;1;4
27;68;21;65;54;68;0;68;0;0;0;68;27;0;21;65;54;0;1;0;1;0;0;0;2
85;86;10;55;85;172;85;0;0;0;85;0;0;86;10;55;0;172;0;0;1;0;0;0;1
41;32;60;73;41;64;41;0;0;0;41;0;0;32;60;73;0;64;0;1;0;0;0;0;1
87;88;74;73;174;176;0;0;0;0;0;0;87;88;74;73;174;176;0;0;0;0;0;0;0
42;90;75;65;42;180;42;0;0;0;42;0;0;90;75;65;0;180;0;0;0;0;0;0;0
78;89;79;64;78;267;78;0;0;0;78;0;0;89;79;64;0;267;0;0;0;0;0;0;0
19;70;58;29;19;140;19;0;0;0;19;0;0;70;58;29;0;140;0;0;0;1;0;0;1
26;19;25;59;26;38;26;0;0;0;26;0;0;19;25;59;0;38;0;1;1;0;0;0;2
81;60;23;10;162;60;0;60;0;0;0;60;81;0;23;10;162;0;0;0;1;1;0;0;2
7;25;17;40;21;50;0;0;0;0;0;0;7;25;17;40;21;50;1;1;1;0;1;0;4
29;28;26;28;58;84;0;28;0;28;0;0;29;0;26;0;58;84;1;0;1;0;0;0;2
27;62;36;20;81;186;0;0;0;0;0;0;27;62;36;20;81;186;1;0;1;1;0;0;3
35;28;39;43;105;84;0;0;0;0;0;0;35;28;39;43;105;84;1;1;0;0;0;0;2
48;11;47;42;96;33;0;0;0;0;0;0;48;11;47;42;96;33;0;1;0;0;0;1;2
67;78;57;36;67;78;67;78;0;0;67;78;0;0;57;36;0;0;0;0;0;1;0;0;1
44;21;11;61;44;21;44;21;0;0;44;21;0;0;11;61;0;0;0;0;1;0;0;0;1
54;67;25;77;54;201;54;0;0;0;54;0;0;67;25;77;0;201;0;0;1;0;0;0;1
32;14;25;32;64;28;32;0;0;32;0;0;0;14;25;0;64;28;0;1;1;0;0;1;3
57;17;55;7;57;17;57;17;0;0;57;17;0;0;55;7;0;0;0;0;0;1;0;0;1
60;17;15;24;120;34;0;0;0;0;0;0;60;17;15;24;120;34;0;1;1;1;0;1;4
55;16;49;34;55;16;55;16;0;0;55;16;0;0;49;34;0;0;0;0;0;1;0;0;1
55;60;17;23;55;180;55;0;0;0;55;0;0;60;17;23;0;180;0;0;1;1;0;0;2
79;62;19;7;158;186;0;0;0;0;0;0;79;62;19;7;158;186;0;0;1;1;0;0;2
39;48;16;41;78;144;0;0;0;0;0;0;39;48;16;41;78;144;0;0;1;0;0;0;1
31;47;55;46;62;47;0;47;0;0;0;47;31;0;55;46;62;0;1;0;0;0;0;0;1
52;28;73;66;52;56;52;0;0;0;52;0;0;28;73;66;0;56;0;1;0;0;0;0;1
61;40;45;50;183;40;0;40;0;0;0;40;61;0;45;50;183;0;0;0;0;0;0;0;0
21;62;68;73;21;124;21;0;0;0;21;0;0;62;68;73;0;124;0;0;0;0;0;0;0
68;81;42;32;68;243;68;0;0;0;68;0;0;81;42;32;0;243;0;0;0;1;0;0;1
47;30;23;38;141;90;0;0;0;0;0;0;47;30;23;38;141;90;0;1;1;0;0;0;2
83;74;93;63;83;222;83;0;0;0;83;0;0;74;93;63;0;222;0;0;0;0;0;0;0
71;38;79;53;213;38;0;38;0;0;0;38;71;0;79;53;213;0;0;0;0;0;0;0;0
57;80;78;68;114;80;0;80;0;0;0;80;57;0;78;68;114;0;0;0;0;0;0;0;0
4;12;44;31;4;24;4;0;0;0;4;0;0;12;44;31;0;24;0;1;0;1;0;1;3
34;55;61;38;102;55;0;55;0;0;0;55;34;0;61;38;102;0;1;0;0;0;0;0;1
16;34;28;30;48;102;0;0;0;0;0;0;16;34;28;30;48;102;1;1;1;1;0;0;4
14;14;73;49;42;28;14;14;0;0;0;0;0;0;73;49;42;28;0;0;0;0;0;1;1
60;63;53;29;120;63;0;63;0;0;0;63;60;0;53;29;120;0;0;0;0;1;0;0;1
74;10;45;67;222;30;0;0;0;0;0;0;74;10;45;67;222;30;0;1;0;0;0;1;2
64;22;68;88;128;44;0;0;0;0;0;0;64;22;68;88;128;44;0;1;0;0;0;0;1
33;67;86;4;66;201;0;0;0;0;0;0;33;67;86;4;66;201;1;0;0;1;0;0;2
80;49;51;47;160;98;0;0;0;0;0;0;80;49;51;47;160;98;0;0;0;0;0;0;0
60;53;47;24;60;159;60;0;0;0;60;0;0;53;47;24;0;159;0;0;0;1;0;0;1
43;18;16;26;129;18;0;18;0;0;0;18;43;0;16;26;129;0;0;0;1;1;0;0;2
55;40;75;37;55;80;55;0;0;0;55;0;0;40;75;37;0;80;0;0;0;0;0;0;0
39;14;19;53;39;42;39;0;0;0;39;0;0;14;19;53;0;42;0;1;1;0;0;0;2
24;37;38;52;48;74;0;0;0;0;0;0;24;37;38;52;48;74;1;0;0;0;0;0;1
36;59;10;75;36;59;36;59;0;0;36;59;0;0;10;75;0;0;0;0;1;0;0;0;1
40;72;75;75;80;72;0;72;75;75;0;72;40;0;0;0;80;0;0;0;0;0;0;0;0
47;68;53;53;47;136;47;0;53;53;47;0;0;68;0;0;0;136;0;0;0;0;0;0;0
57;38;52;86;114;114;0;0;0;0;114;114;57;38;52;86;0;0;0;0;0;0;0;0;0
77;54;40;46;77;54;77;54;0;0;77;54;0;0;40;46;0;0;0;0;0;0;0;0;0
23;18;40;13;46;54;0;0;0;0;0;0;23;18;40;13;46;54;1;1;0;1;0;0;3
41;11;72;10;41;22;41;0;0;0;41;0;0;11;72;10;0;22;0;1;0;1;0;1;3
89;6;91;92;89;12;89;0;0;0;89;0;0;6;91;92;0;12;0;1;0;0;0;1;2
82;85;33;59;82;85;82;85;0;0;82;85;0;0;33;59;0;0;0;0;1;0;0;0;1
29;49;51;45;87;147;0;0;0;0;0;0;29;49;51;45;87;147;1;0;0;0;0;0;1
25;47;43;27;75;94;0;0;0;0;0;0;25;47;43;27;75;94;1;0;0;1;0;0;2
17;63;22;19;51;63;0;63;0;0;0;63;17;0;22;19;51;0;1;0;1;1;0;0;3
57;94;15;64;114;94;0;94;0;0;0;94;57;0;15;64;114;0;0;0;1;0;0;0;1
47;37;54;53;141;37;0;37;0;0;0;37;47;0;54;53;141;0;0;0;0;0;0;0;0
63;47;49;83;63;94;63;0;0;0;63;0;0;47;49;83;0;94;0;0;0;0;0;0;0
76;50;28;99;152;100;0;0;0;0;0;0;76;50;28;99;152;100;0;0;1;0;0;0;1
16;46;34;29;48;46;0;46;0;0;0;46;16;0;34;29;48;0;1;0;1;1;0;0;3
92;69;18;74;92;138;92;0;0;0;92;0;0;69;18;74;0;138;0;0;1;0;0;0;1
79;75;4;30;158;150;0;0;0;0;0;0;79;75;4;30;158;150;0;0;1;1;0;0;2
23;30;30;41;69;30;0;30;30;0;0;30;23;0;0;41;69;0;1;0;0;0;0;0;1
60;64;33;67;180;192;0;0;0;0;0;0;60;64;33;67;180;192;0;0;1;0;0;0;1
50;43;38;82;100;129;0;0;0;0;0;0;50;43;38;82;100;129;0;0;0;0;0;0;0
34;79;47;38;68;158;0;0;0;0;0;0;34;79;47;38;68;158;1;0;0;0;0;0;1
47;19;69;33;141;57;0;0;0;0;0;0;47;19;69;33;141;57;0;1;0;1;0;0;2
85;54;35;83;85;54;85;54;0;0;85;54;0;0;35;83;0;0;0;0;1;0;0;0;1
42;35;51;33;84;105;0;0;0;0;0;0;42;35;51;33;84;105;0;1;0;1;0;0;2
58;70;49;43;174;210;0;0;0;0;0;0;58;70;49;43;174;210;0;0;0;0;0;0;0
63;57;73;44;63;57;63;57;0;0;63;57;0;0;73;44;0;0;0;0;0;0;0;0;0
29;66;60;47;87;66;0;66;0;0;0;66;29;0;60;47;87;0;1;0;0;0;0;0;1
71;84;3;95;71;84;71;84;0;0;71;84;0;0;3;95;0;0;0;0;1;0;0;0;1
15;21;79;20;15;63;15;0;0;0;15;0;0;21;79;20;0;63;0;1;0;1;0;0;2
68;7;68;6;204;21;68;0;68;0;0;0;0;7;0;6;204;21;0;1;0;1;0;1;3
39;20;5;64;117;40;0;0;0;0;0;0;39;20;5;64;117;40;0;1;1;0;0;0;2
30;36;31;28;90;36;0;36;0;0;0;36;30;0;31;28;90;0;1;0;1;1;0;0;3
57;50;40;82;114;100;0;0;0;0;0;0;57;50;40;82;114;100;0;0;0;0;0;0;0
50;46;85;64;100;92;0;0;0;0;0;0;50;46;85;64;100;92;0;0;0;0;0;0;0
67;58;18;38;134;116;0;0;0;0;0;0;67;58;18;38;134;116;0;0;1;0;0;0;1
69;64;64;46;138;64;0;64;64;0;0;64;69;0;0;46;138;0;0;0;0;0;0;0;0
20;65;62;48;60;65;0;65;0;0;0;65;20;0;62;48;60;0;1;0;0;0;0;0;1
45;21;7;38;45;42;45;0;0;0;45;0;0;21;7;38;0;42;0;1;1;0;0;0;2
85;34;58;41;85;34;85;34;0;0;85;34;0;0;58;41;0;0;0;0;0;0;0;0;0
74;15;42;48;74;45;74;0;0;0;74;0;0;15;42;48;0;45;0;1;0;0;0;0;1
26;36;29;41;52;72;0;0;0;0;0;0;26;36;29;41;52;72;1;1;1;0;0;0;3
76;87;80;28;76;87;76;87;0;0;76;87;0;0;80;28;0;0;0;0;0;1;0;0;1
27;34;15;37;54;102;0;0;0;0;0;0;27;34;15;37;54;102;1;1;1;0;0;0;3
37;16;8;25;74;16;0;16;0;0;0;16;37;0;8;25;74;0;0;0;1;1;0;0;2
75;38;60;53;225;114;0;0;0;0;0;0;75;38;60;53;225;114;0;0;0;0;0;0;0
62;54;58;57;124;54;0;54;0;0;0;54;62;0;58;57;124;0;0;0;0;0;0;0;0
42;12;33;35;126;24;0;0;0;0;0;0;42;12;33;35;126;24;0;1;1;1;0;1;4
6;47;53;35;6;94;6;0;0;0;6;0;0;47;53;35;0;94;0;0;0;1;0;0;1
81;97;25;41;162;194;0;0;0;0;0;0;81;97;25;41;162;194;0;0;1;0;0;0;1
29;36;24;8;58;108;0;0;0;0;0;0;29;36;24;8;58;108;1;1;1;1;0;0;4
27;29;37;34;81;29;0;29;0;0;0;29;27;0;37;34;81;0;1;0;0;1;0;0;2
50;86;87;66;100;86;0;86;0;0;0;86;50;0;87;66;100;0;0;0;0;0;0;0;0
43;36;25;32;129;72;0;0;0;0;0;0;43;36;25;32;129;72;0;1;1;1;0;0;3
91;75;78;55;273;75;0;75;0;0;0;75;91;0;78;55;273;0;0;0;0;0;0;0;0
34;46;57;42;34;46;34;46;0;0;34;46;0;0;57;42;0;0;0;0;0;0;0;0;0
60;33;42;37;120;33;0;33;0;0;0;33;60;0;42;37;120;0;0;0;0;0;0;0;0
50;41;69;83;150;123;0;0;0;0;0;0;50;41;69;83;150;123;0;0;0;0;0;0;0
78;50;58;20;234;100;0;0;0;0;0;0;78;50;58;20;234;100;0;0;0;1;0;0;1
77;49;34;60;231;147;0;0;0;0;0;0;77;49;34;60;231;147;0;0;1;0;0;0;1
44;48;86;20;44;144;44;0;0;0;44;0;0;48;86;20;0;144;0;0;0;1;0;0;1
66;90;52;74;66;270;66;0;0;0;66;0;0;90;52;74;0;270;0;0;0;0;0;0;0
43;28;36;31;129;28;0;28;0;0;0;28;43;0;36;31;129;0;0;0;1;1;0;0;2
66;39;77;31;132;117;0;0;0;0;0;0;66;39;77;31;132;117;0;0;0;1;0;0;1
